clear_median_acc_worker
0 
clear_median_acc_worker
0 
clear_median_acc_worker
0 
clear_median_acc_worker
0 
clear_median_acc_worker
0 
clear_median_acc_worker
0 
clear_median_acc_worker
0 
clear_median_acc_worker
0 
clear_median_acc_worker
0 
clear_median_acc_worker
0 0.0892 0.0958 0.098 0.098 0.098 0.1028 0.1028 0.0982 0.0982 0.0982 0.0974 0.0974 0.1135 0.1135 0.1135 0.1135 0.1135 0.1135 0.1135 0.1135 0.1135 0.1135 0.1135 0.1135 0.1028 0.101 0.101 0.101 0.101 0.101 0.101 0.101 0.101 0.1135 0.1135 0.1135 0.1135 0.1135 0.1135 0.1135 0.1135 0.1135 0.1135 0.1135 0.1135 0.1135 0.1135 0.1135 0.1135 0.1135 0.1135 0.1135 0.1135 0.1135 0.1135 0.1135 0.1135 0.1135 0.1135 0.1135 0.1135 0.1135 0.1135 0.1135 0.1135 0.1135 0.1324 0.1685 0.1854 0.1934 0.1981 0.2011 0.202 0.2045 0.2056 0.2068 0.2105 0.2137 0.2177 0.2225 0.2271 0.2306 0.2325 0.2338 0.2357 0.2393 0.2424 0.2463 0.2471 0.251 0.2519 0.2512 0.2522 0.2619 0.2671 0.2689 0.269 0.2799 0.2804 0.2813 0.282 0.2843 0.2882 0.2927 0.2998 0.3027 0.3035 0.3046 0.3094 0.3165 0.3206 0.3204 0.3199 0.3288 0.3413 0.3536 0.3529 0.3512 0.3526 0.356 
clear_median_acc_worker
0 
clear_median_acc_worker
0 
clear_median_acc_worker
0 
clear_median_acc_worker
0 
clear_median_acc_worker
0 
clear_median_acc_worker
0 
clear_median_acc_worker
0 
clear_median_acc_worker
0 
clear_median_acc_worker
0 
clear_median_acc_worker
0 0.1009 0.1009 0.101 0.1135 0.1135 0.138 0.0982 0.0982 0.0982 0.1028 0.0892 0.1032 0.1009 0.1032 0.1009 0.1009 0.1135 0.1028 0.1028 0.1028 0.1028 0.1028 0.1028 0.1135 0.1135 0.1135 0.1135 0.1135 0.1135 0.1135 0.1135 0.1135 0.1135 0.1135 0.1135 0.1135 0.1135 0.1135 0.1135 0.1135 0.1135 0.1135 0.1135 0.1135 0.1135 0.1135 0.1135 0.1135 0.1135 0.1135 0.1135 0.1135 0.1135 0.1135 0.1135 0.1135 0.1135 0.1135 0.1135 0.1135 0.1135 0.1135 0.1135 0.1135 0.1135 0.1135 0.1135 0.1135 0.1135 0.1135 0.1135 0.1135 0.1135 0.1135 0.1135 0.1135 0.1135 0.1135 0.1135 0.1135 0.1135 0.1135 0.1135 0.1135 0.1135 0.1135 0.1135 0.1135 0.1135 0.1135 0.1135 0.1135 0.1135 0.1135 0.1135 0.1135 0.1135 0.1135 0.1135 0.1135 0.1135 0.1135 0.1135 0.1135 0.1135 0.1135 0.1135 0.1135 0.1135 0.1135 0.1135 0.1135 0.1135 0.1135 0.1135 0.1135 0.1135 0.1135 0.1135 0.1135 
clear_median_acc_worker
0 
clear_median_acc_worker
0 
clear_median_acc_worker
0 
clear_median_acc_worker
0 
clear_median_acc_worker
0 
clear_median_acc_worker
0 
clear_median_acc_worker
0 
clear_median_acc_worker
0 
clear_median_acc_worker
0 
clear_median_acc_worker
0 0.0974 0.1009 0.1028 0.1028 0.1028 0.1135 0.1182 0.0982 0.0982 0.1135 0.0974 0.0974 0.0974 0.0974 0.0974 0.1135 0.1028 0.1028 0.0515 0.1135 0.1135 0.1135 0.1135 0.1135 0.1135 0.1135 0.1135 0.1135 0.1135 0.1135 0.1135 0.1135 0.1135 0.1135 0.1135 0.1135 0.1135 0.1135 0.1135 0.1135 0.1135 0.1135 0.1135 0.1135 0.1135 0.114 0.1372 0.1634 0.1811 0.1907 0.1966 0.1995 0.2005 0.2025 0.2064 0.2119 0.2183 0.2211 0.2233 0.2273 0.2328 0.2403 0.2462 0.2528 0.256 0.2597 0.2655 0.2683 0.2705 0.2721 0.279 0.3093 0.3065 0.3072 0.3084 0.3112 0.3148 0.3191 0.3235 0.3304 0.3333 0.3329 0.3364 0.3496 0.3561 0.3571 0.3576 0.358 0.3615 0.3667 0.3708 0.374 0.3726 0.3718 0.3748 0.3776 0.3798 0.3835 0.3843 0.3894 0.3933 0.396 0.4017 0.4092 0.4169 0.4281 0.4366 0.4483 0.46 0.4683 0.4843 0.4941 0.4987 0.4973 0.4989 0.5005 0.5087 0.5289 0.5449 0.5479 
clear_median_acc_worker
0 
clear_median_acc_worker
0 
clear_median_acc_worker
0 
clear_median_acc_worker
0 
clear_median_acc_worker
0 
clear_median_acc_worker
0 
clear_median_acc_worker
0 
clear_median_acc_worker
0 
clear_median_acc_worker
0 
clear_median_acc_worker
0 0.0958 0.0958 0.101 0.1028 0.1028 0.1135 0.1135 0.0982 0.0982 0.0982 0.0982 0.0982 0.0982 0.0982 0.0982 0.0982 0.0983 0.1595 0.1144 0.1135 0.1135 0.1135 0.1135 0.1135 0.1135 0.1135 0.1135 0.1135 0.1135 0.1135 0.1135 0.1135 0.1135 0.1135 0.1135 0.1135 0.1699 0.1974 0.1989 0.2001 0.2061 0.2079 0.209 0.2055 0.209 0.2138 0.2103 0.2136 0.2097 0.2079 0.2086 0.2279 0.238 0.2451 0.2511 0.2596 0.2686 0.278 0.2909 0.3003 0.2994 0.2968 0.2979 0.2994 0.2979 0.2976 0.3063 0.3149 0.332 0.3374 0.3284 0.3783 0.386 0.3714 0.3653 0.3619 0.3681 0.3676 0.3683 0.3695 0.3693 0.3723 0.3792 0.3888 0.3843 0.3832 0.3854 0.3896 0.4004 0.4064 0.3929 0.3889 0.3862 0.3897 0.3923 0.3903 0.3898 0.3909 0.3943 0.3986 0.4093 0.4277 0.452 0.4459 0.4418 0.445 0.4621 0.4625 0.456 0.4555 0.4535 0.4594 0.4669 0.4753 0.4858 0.4952 0.4994 0.5058 0.5188 0.5203 
clear_median_acc_worker
0 
clear_median_acc_worker
0 
clear_median_acc_worker
0 
clear_median_acc_worker
0 
clear_median_acc_worker
0 
clear_median_acc_worker
0 
clear_median_acc_worker
0 
clear_median_acc_worker
0 
clear_median_acc_worker
0 
clear_median_acc_worker
0 0.1032 0.1032 0.101 0.098 0.1028 0.1028 0.1028 0.1135 0.1135 0.1135 0.1135 0.1135 0.1135 0.1135 0.1135 0.1135 0.1135 0.1135 0.1135 0.1135 0.1135 0.1135 0.1135 0.1135 0.1135 0.1135 0.1135 0.1135 0.1135 0.1135 0.1135 0.1135 0.1135 0.1135 0.1135 0.1135 0.1135 0.1135 0.1135 0.1135 0.1135 0.1135 0.1135 0.1135 0.1135 0.1135 0.1135 0.1135 0.1135 0.1135 0.1135 0.1135 0.1135 0.1135 0.1135 0.1135 0.1135 0.1397 0.1703 0.1924 0.1999 0.2029 0.2052 0.2067 0.2087 0.2086 0.2073 0.2108 0.2179 0.2249 0.2311 0.2345 0.2434 0.2519 0.2601 0.2635 0.2633 0.2638 0.2676 0.27 0.2725 0.274 0.2747 0.2755 0.3023 0.3062 0.3122 0.3172 0.3194 0.325 0.3288 0.3308 0.3176 0.3183 0.3239 0.3242 0.3195 0.3421 0.3623 0.3694 0.3691 0.3707 0.3749 0.3815 0.3828 0.3645 0.3669 0.3715 0.3787 0.3799 0.3847 0.3871 0.3923 0.3971 0.4014 0.4007 0.4092 0.4092 0.4303 0.4322 
clear_median_acc_worker
0 
clear_median_acc_worker
0 
clear_median_acc_worker
0 
clear_median_acc_worker
0 
clear_median_acc_worker
0 
clear_median_acc_worker
0 
clear_median_acc_worker
0 
clear_median_acc_worker
0 
clear_median_acc_worker
0 
clear_median_acc_worker
0 0.1032 0.0974 0.0892 0.1028 0.1028 0.1135 0.0982 0.0982 0.0982 0.0982 0.169 0.1401 0.0972 0.0974 0.1066 0.1089 0.1158 0.1275 0.1822 0.1795 0.1847 0.2113 0.2312 0.228 0.2168 0.2172 0.2207 0.2257 0.2337 0.2412 0.244 0.2568 0.3116 0.2837 0.2872 0.2925 0.3019 0.3202 0.3497 0.3863 0.4243 0.4518 0.4664 0.4692 0.475 0.4835 0.4901 0.494 0.5048 0.5244 0.5514 0.5849 0.6063 0.6178 0.6256 0.6311 0.6364 0.6484 0.6661 0.6826 0.6993 0.7031 0.7134 0.726 0.7374 0.7443 0.7524 0.7662 0.7794 0.7922 0.7976 0.8057 0.8121 0.8168 0.8232 0.8307 0.8353 0.8483 0.856 0.863 0.8715 0.8757 0.8803 0.8837 0.888 0.8929 0.8956 0.901 0.9042 0.9071 0.9089 0.9119 0.9141 0.9156 0.9205 0.9226 0.9258 0.9283 0.9293 0.9294 0.9307 0.933 0.9351 0.9366 0.938 0.9385 0.9409 0.9418 0.942 0.9432 0.9441 0.9458 0.9462 0.9472 0.9472 0.9481 0.9489 0.9492 0.9509 0.952 
