clear_trimmean_acc_worker
0 
clear_trimmean_acc_worker
0 
clear_trimmean_acc_worker
0 
clear_trimmean_acc_worker
0 
clear_trimmean_acc_worker
0 
clear_trimmean_acc_worker
0 
clear_trimmean_acc_worker
0 
clear_trimmean_acc_worker
0 
clear_trimmean_acc_worker
0 
clear_trimmean_acc_worker
0 0.0974 0.1009 0.098 0.098 0.098 0.0982 0.0982 0.0982 0.0958 0.0958 0.0958 0.0958 0.1032 0.0974 0.0974 0.0974 0.1028 0.1028 0.098 0.098 0.1135 0.1135 0.1135 0.1135 0.1135 0.1135 0.1135 0.1135 0.1135 0.1135 0.1135 0.1135 0.1135 0.1135 0.1135 0.1135 0.1135 0.1135 0.1135 0.1135 0.1135 0.1135 0.1135 0.1135 0.1135 0.1135 0.1135 0.1135 0.1135 0.1135 0.1135 0.101 0.101 0.1135 0.1135 0.1135 0.1135 0.1135 0.1135 0.1135 0.1135 0.1135 0.1135 0.1135 0.1135 0.1135 0.1135 0.1135 0.1135 0.1135 0.1135 0.1135 0.1135 0.1135 0.1135 0.1135 0.1135 0.1135 0.1135 0.1135 0.1135 0.1135 0.1135 0.1135 0.1135 0.1135 0.1135 0.1135 0.1135 0.1135 0.1135 0.1135 0.1135 0.1135 0.1135 0.1135 0.1135 0.1135 0.1135 0.1135 0.1135 0.1135 0.1135 0.1135 0.1135 0.1135 0.1135 0.1135 0.1135 0.1135 0.1135 0.1135 0.1135 0.1135 0.1135 0.1135 0.1135 0.1135 0.1135 0.1135 
clear_trimmean_acc_worker
0 
clear_trimmean_acc_worker
0 
clear_trimmean_acc_worker
0 
clear_trimmean_acc_worker
0 
clear_trimmean_acc_worker
0 
clear_trimmean_acc_worker
0 
clear_trimmean_acc_worker
0 
clear_trimmean_acc_worker
0 
clear_trimmean_acc_worker
0 
clear_trimmean_acc_worker
0 0.101 0.0958 0.098 0.098 0.1135 0.0982 0.0982 0.101 0.101 0.101 0.1167 0.1135 0.1135 0.1135 0.1135 0.098 0.098 0.098 0.1009 0.0982 0.0982 0.0982 0.0982 0.1135 0.1135 0.1135 0.1135 0.1135 0.1135 0.1135 0.1135 0.1135 0.1135 0.1157 0.1009 0.1009 0.101 0.1047 0.1194 0.0974 0.0974 0.0989 0.143 0.1821 0.2076 0.2165 0.2575 0.2249 0.2635 0.2711 0.2476 0.25 0.2569 0.2696 0.322 0.3474 0.3795 0.4041 0.4146 0.4721 0.5082 0.5355 0.5625 0.5806 0.5892 0.596 0.6136 0.6334 0.6509 0.659 0.6674 0.6733 0.692 0.7093 0.723 0.7312 0.7412 0.7529 0.7637 0.777 0.7839 0.7895 0.8001 0.8074 0.8147 0.8258 0.8345 0.8426 0.8515 0.8565 0.8631 0.8675 0.8792 0.893 0.8987 0.9029 0.9141 0.915 0.9128 0.9174 0.9253 0.9282 0.9338 0.9361 0.938 0.9417 0.9437 0.945 0.9455 0.9481 0.9496 0.9508 0.9519 0.9528 0.9538 0.9557 0.9532 0.9561 0.9601 0.9574 
clear_trimmean_acc_worker
0 
clear_trimmean_acc_worker
0 
clear_trimmean_acc_worker
0 
clear_trimmean_acc_worker
0 
clear_trimmean_acc_worker
0 
clear_trimmean_acc_worker
0 
clear_trimmean_acc_worker
0 
clear_trimmean_acc_worker
0 
clear_trimmean_acc_worker
0 
clear_trimmean_acc_worker
0 0.0892 0.1032 0.098 0.098 0.1135 0.1135 0.0982 0.0982 0.0982 0.0982 0.0982 0.0982 0.0982 0.0982 0.0982 0.0982 0.169 0.1135 0.1135 0.1135 0.1135 0.1135 0.1135 0.1135 0.1135 0.1135 0.1135 0.1135 0.1135 0.1518 0.1835 0.1953 0.2011 0.2044 0.2071 0.2081 0.2092 0.2108 0.2128 0.2159 0.2188 0.2241 0.2341 0.241 0.2472 0.2553 0.26 0.274 0.2578 0.2488 0.2607 0.2947 0.2977 0.2996 0.3029 0.3055 0.3097 0.3147 0.3207 0.3223 0.3329 0.3414 0.3553 0.3608 0.3656 0.3756 0.3829 0.3864 0.3896 0.4002 0.4056 0.4053 0.428 0.4367 0.4478 0.4631 0.4865 0.499 0.4637 0.4526 0.4552 0.4603 0.4652 0.5001 0.5507 0.5673 0.5838 0.5916 0.5994 0.6116 0.623 0.635 0.6584 0.6797 0.712 0.7289 0.7373 0.7553 0.7615 0.7725 0.7826 0.7933 0.8063 0.82 0.8315 0.8373 0.8316 0.8246 0.8518 0.8369 0.854 0.8521 0.8613 0.8671 0.873 0.8789 0.8836 0.8865 0.893 0.8963 
clear_trimmean_acc_worker
0 
clear_trimmean_acc_worker
0 
clear_trimmean_acc_worker
0 
clear_trimmean_acc_worker
0 
clear_trimmean_acc_worker
0 
clear_trimmean_acc_worker
0 
clear_trimmean_acc_worker
0 
clear_trimmean_acc_worker
0 
clear_trimmean_acc_worker
0 
clear_trimmean_acc_worker
0 0.0958 0.0958 0.1135 0.101 0.101 0.0982 0.0982 0.0982 0.0982 0.1071 0.1135 0.1135 0.1135 0.1135 0.1135 0.1135 0.1135 0.1026 0.1028 0.1028 0.1028 0.1036 0.1013 0.1135 0.1135 0.1142 0.1157 0.1186 0.1184 0.1197 0.1226 0.1263 0.182 0.1981 0.2162 0.1888 0.1831 0.1952 0.2068 0.2271 0.2582 0.2997 0.3912 0.3778 0.3879 0.3964 0.4086 0.4187 0.4274 0.4402 0.4591 0.4902 0.521 0.5436 0.5802 0.6163 0.6528 0.6816 0.6987 0.7054 0.7113 0.7194 0.7349 0.7516 0.7679 0.7808 0.7881 0.7914 0.7967 0.8135 0.8295 0.8389 0.8481 0.8596 0.8651 0.8737 0.8822 0.8864 0.8906 0.9009 0.9055 0.9055 0.9116 0.9179 0.9216 0.9271 0.9303 0.9328 0.9367 0.9384 0.9423 0.9462 0.9456 0.9492 0.9511 0.9529 0.9543 0.956 0.9569 0.9586 0.96 0.959 0.9608 0.9628 0.9621 0.9658 0.9657 0.9656 0.9643 0.9665 0.9664 0.9661 0.9669 0.9693 0.9694 0.9707 0.9714 0.9709 0.9687 0.9698 
clear_trimmean_acc_worker
0 
clear_trimmean_acc_worker
0 
clear_trimmean_acc_worker
0 
clear_trimmean_acc_worker
0 
clear_trimmean_acc_worker
0 
clear_trimmean_acc_worker
0 
clear_trimmean_acc_worker
0 
clear_trimmean_acc_worker
0 
clear_trimmean_acc_worker
0 
clear_trimmean_acc_worker
0 0.0892 0.0958 0.1135 0.1028 0.1028 0.0982 0.0982 0.0982 0.1196 0.1137 0.1136 0.1136 0.1141 0.1181 0.1375 0.1559 0.1512 0.1818 0.2012 0.1497 0.1434 0.1997 0.2263 0.2205 0.2214 0.2229 0.2318 0.2547 0.2733 0.299 0.3298 0.3363 0.3814 0.4022 0.4261 0.4221 0.4488 0.4902 0.5201 0.5236 0.5338 0.5541 0.5787 0.6069 0.626 0.643 0.6567 0.6691 0.6824 0.7021 0.718 0.7274 0.7387 0.7495 0.7607 0.7688 0.7788 0.794 0.807 0.8224 0.8381 0.8463 0.852 0.8576 0.8639 0.872 0.8803 0.8895 0.8958 0.9023 0.9062 0.9096 0.9142 0.9178 0.9215 0.9258 0.9267 0.9304 0.9337 0.9345 0.9383 0.9387 0.9404 0.9435 0.9435 0.9456 0.9474 0.9486 0.9506 0.952 0.9519 0.9548 0.9547 0.9536 0.9558 0.9577 0.9569 0.9587 0.9615 0.9623 0.9613 0.9638 0.9647 0.964 0.9642 0.9643 0.9664 0.9663 0.9671 0.9689 0.9688 0.9678 0.9675 0.9682 0.9678 0.969 0.9704 0.971 0.9714 0.9721 
