clear_signSGD_acc_worker
0 
clear_signSGD_acc_worker
0 
clear_signSGD_acc_worker
0 
clear_signSGD_acc_worker
0 
clear_signSGD_acc_worker
0 
clear_signSGD_acc_worker
0 
clear_signSGD_acc_worker
0 
clear_signSGD_acc_worker
0 
clear_signSGD_acc_worker
0 
clear_signSGD_acc_worker
0 0.1135 0.2869 0.6058 0.8001 0.8949 
clear_signSGD_acc_worker
0 
clear_signSGD_acc_worker
0 
clear_signSGD_acc_worker
0 
clear_signSGD_acc_worker
0 
clear_signSGD_acc_worker
0 
clear_signSGD_acc_worker
0 
clear_signSGD_acc_worker
0 
clear_signSGD_acc_worker
0 
clear_signSGD_acc_worker
0 
clear_signSGD_acc_worker
0 0.1028 0.2062 0.4227 0.711 0.7914 
clear_signSGD_acc_worker
0 
clear_signSGD_acc_worker
0 
clear_signSGD_acc_worker
0 
clear_signSGD_acc_worker
0 
clear_signSGD_acc_worker
0 
clear_signSGD_acc_worker
0 
clear_signSGD_acc_worker
0 
clear_signSGD_acc_worker
0 
clear_signSGD_acc_worker
0 
clear_signSGD_acc_worker
0 0.1135 0.3673 0.7129 0.8302 0.8922 
clear_signSGD_acc_worker
0 
clear_signSGD_acc_worker
0 
clear_signSGD_acc_worker
0 
clear_signSGD_acc_worker
0 
clear_signSGD_acc_worker
0 
clear_signSGD_acc_worker
0 
clear_signSGD_acc_worker
0 
clear_signSGD_acc_worker
0 
clear_signSGD_acc_worker
0 
clear_signSGD_acc_worker
0 0.0982 0.098 0.0982 0.0982 0.2988 
clear_signSGD_acc_worker
0 
clear_signSGD_acc_worker
0 
clear_signSGD_acc_worker
0 
clear_signSGD_acc_worker
0 
clear_signSGD_acc_worker
0 
clear_signSGD_acc_worker
0 
clear_signSGD_acc_worker
0 
clear_signSGD_acc_worker
0 
clear_signSGD_acc_worker
0 
clear_signSGD_acc_worker
0 0.1135 0.1135 0.4783 0.764 0.8535 
clear_signSGD_acc_worker
0 
clear_signSGD_acc_worker
0 
clear_signSGD_acc_worker
0 
clear_signSGD_acc_worker
0 
clear_signSGD_acc_worker
0 
clear_signSGD_acc_worker
0 
clear_signSGD_acc_worker
0 
clear_signSGD_acc_worker
0 
clear_signSGD_acc_worker
0 
clear_signSGD_acc_worker
0 0.1028 0.1135 0.231 0.4319 0.7563 
clear_signSGD_acc_worker
0 
clear_signSGD_acc_worker
0 
clear_signSGD_acc_worker
0 
clear_signSGD_acc_worker
0 
clear_signSGD_acc_worker
0 
clear_signSGD_acc_worker
0 
clear_signSGD_acc_worker
0 
clear_signSGD_acc_worker
0 
clear_signSGD_acc_worker
0 
clear_signSGD_acc_worker
0 0.0958 0.2315 0.543 0.7482 0.8194 
clear_signSGD_acc_worker
0 
clear_signSGD_acc_worker
0 
clear_signSGD_acc_worker
0 
clear_signSGD_acc_worker
0 
clear_signSGD_acc_worker
0 
clear_signSGD_acc_worker
0 
clear_signSGD_acc_worker
0 
clear_signSGD_acc_worker
0 
clear_signSGD_acc_worker
0 
clear_signSGD_acc_worker
0 0.0892 0.1135 0.1135 0.1135 0.1135 0.0982 0.0982 0.0982 0.1135 0.1135 0.1135 0.1135 0.1135 0.1135 0.1135 0.1135 0.1135 0.1135 0.1028 0.1028 0.1028 0.1028 0.0958 0.0958 0.0958 0.0958 0.0958 0.0958 0.1032 0.1032 0.1032 0.1032 0.1032 0.1032 0.1135 0.1135 0.1135 0.1135 0.1135 0.1028 0.1028 0.1028 0.1028 0.1028 0.1135 0.1135 0.1135 0.1135 0.1135 0.1135 0.1135 0.1135 0.1135 0.1135 0.1218 0.1486 0.1632 0.1679 0.1635 0.1662 0.2499 0.2458 0.242 0.2374 0.2354 0.2398 0.2524 0.2689 0.3017 0.3415 0.3686 0.3672 0.3635 0.3685 0.3664 0.3702 0.3902 0.4028 0.4253 0.4543 0.4778 0.4996 0.5287 0.5403 0.5468 0.5502 0.5647 0.5879 0.6003 0.6073 0.6174 0.6309 0.646 0.662 0.6745 0.6701 0.6744 0.6887 0.6917 0.6989 0.715 0.7273 0.7348 0.742 0.747 0.744 0.7602 0.7774 0.7893 0.7879 0.791 0.8053 0.8151 0.8207 0.8208 0.8319 0.8456 0.8513 0.8419 0.846 
clear_signSGD_acc_worker
0 
clear_signSGD_acc_worker
0 
clear_signSGD_acc_worker
0 
clear_signSGD_acc_worker
0 
clear_signSGD_acc_worker
0 
clear_signSGD_acc_worker
0 
clear_signSGD_acc_worker
0 
clear_signSGD_acc_worker
0 
clear_signSGD_acc_worker
0 
clear_signSGD_acc_worker
0 0.1032 0.1009 0.0958 0.1028 0.1028 0.1028 0.098 0.098 0.098 0.101 0.101 0.101 0.101 0.0988 0.1032 0.1032 0.1032 0.1032 0.1032 0.098 0.098 0.098 0.1028 0.1028 0.101 0.1009 0.1009 0.1009 0.101 0.1032 0.0958 0.0958 0.098 0.098 0.098 0.098 0.098 0.101 0.101 0.101 0.101 0.101 0.1248 0.0958 0.0958 0.0958 0.098 0.098 0.0991 0.1845 0.2019 0.1958 0.2352 0.182 0.1326 0.1072 0.1235 0.1716 0.3354 0.2681 0.2672 0.2667 0.2552 0.2358 0.2333 0.2686 0.2796 0.295 0.3469 0.4077 0.417 0.4248 0.4345 0.437 0.4362 0.4395 0.4419 0.4467 0.4618 0.4855 0.5134 0.5357 0.5662 0.5809 0.5919 0.5966 0.6025 0.6018 0.6003 0.6085 0.6243 0.6391 0.658 0.6741 0.6717 0.661 0.6582 0.6656 0.6754 0.6891 0.6992 0.7035 0.7108 0.7157 0.7111 0.7142 0.7207 0.7307 0.7436 0.7487 0.7527 0.7603 0.7617 0.7644 0.7668 0.7714 0.7753 0.7723 0.779 0.7798 
clear_signSGD_acc_worker
0 
clear_signSGD_acc_worker
0 
clear_signSGD_acc_worker
0 
clear_signSGD_acc_worker
0 
clear_signSGD_acc_worker
0 
clear_signSGD_acc_worker
0 
clear_signSGD_acc_worker
0 
clear_signSGD_acc_worker
0 
clear_signSGD_acc_worker
0 
clear_signSGD_acc_worker
0 0.0892 0.0958 0.0958 0.1028 0.1028 0.0982 0.0982 0.0982 0.1009 0.1009 0.0958 0.0958 0.098 0.098 0.098 0.1135 0.1135 0.1135 0.2088 0.1028 0.1028 0.1028 0.1764 0.2195 0.2395 0.3079 0.2748 0.2869 0.2851 0.3376 0.3871 0.3694 0.3835 0.379 0.4145 0.4157 0.4279 0.436 0.4562 0.4227 0.415 0.4556 0.5088 0.5397 0.5426 0.5506 0.5707 0.5832 0.6069 0.6303 0.6474 0.6555 0.6537 0.6536 0.6608 0.676 0.6957 0.7104 0.7157 0.7245 0.7304 0.7287 0.7362 0.7505 0.7616 0.765 0.7644 0.7657 0.771 0.7743 0.7828 0.785 0.783 0.7892 0.8002 0.8024 0.809 0.8112 0.812 0.8123 0.8167 0.8163 0.8221 0.8259 0.8261 0.8337 0.837 0.8319 0.8336 0.8335 0.8397 0.8454 0.8494 0.8475 0.8378 0.8463 0.8554 0.852 0.8571 0.8593 0.8538 0.8625 0.8691 0.8605 0.8636 0.8746 0.8695 0.8731 0.8788 0.8754 0.8756 0.8779 0.8813 0.8831 0.8866 0.8889 0.8872 0.886 0.886 0.8899 
clear_signSGD_acc_worker
0 
clear_signSGD_acc_worker
0 
clear_signSGD_acc_worker
0 
clear_signSGD_acc_worker
0 
clear_signSGD_acc_worker
0 
clear_signSGD_acc_worker
0 
clear_signSGD_acc_worker
0 
clear_signSGD_acc_worker
0 
clear_signSGD_acc_worker
0 
clear_signSGD_acc_worker
0 0.1032 0.0958 0.0958 0.1135 0.1028 0.1135 0.0982 0.1135 0.0974 0.0892 0.0892 0.0892 0.0958 0.0958 0.101 0.1137 0.209 0.1277 0.1028 0.106 0.0974 0.2894 0.2828 0.3305 0.3227 0.3538 0.4107 0.4359 0.41 0.4477 0.461 0.4691 0.448 0.437 0.434 0.4475 0.4934 0.5392 0.5905 0.6289 0.6459 0.6475 0.6509 0.6469 0.6573 0.672 0.6913 0.7118 0.7347 0.7559 0.7777 0.79 0.7945 0.7917 0.7888 0.7904 0.804 0.8217 0.8395 0.8503 0.858 0.8639 0.865 0.8692 0.8726 0.8754 0.8775 0.8834 0.8872 0.888 0.8896 0.8926 0.8969 0.9005 0.9036 0.9054 0.9056 0.9063 0.9074 0.9115 0.9143 0.9158 0.9162 0.9176 0.9181 0.9206 0.9214 0.9233 0.924 0.9265 0.9268 0.9285 0.9295 0.9308 0.9327 0.9335 0.9343 0.9345 0.9351 0.9371 0.9367 0.937 0.9391 0.9405 0.939 0.9395 0.9402 0.9421 0.9387 0.9377 0.9409 0.9422 0.941 0.9407 0.9454 0.9451 0.9456 0.9454 0.9467 0.9436 
clear_signSGD_acc_worker
0 
clear_signSGD_acc_worker
0 
clear_signSGD_acc_worker
0 
clear_signSGD_acc_worker
0 
clear_signSGD_acc_worker
0 
clear_signSGD_acc_worker
0 
clear_signSGD_acc_worker
0 
clear_signSGD_acc_worker
0 
clear_signSGD_acc_worker
0 
clear_signSGD_acc_worker
0 0.0892 0.1032 0.1028 0.1135 0.1135 0.1135 0.1135 0.101 0.101 0.0892 0.0958 0.0958 0.098 0.098 0.098 0.2074 0.1946 0.1426 0.1137 0.1239 0.1934 0.2679 0.3446 0.4602 0.4308 0.4496 0.4405 0.4419 0.4813 0.5456 0.5849 0.5932 0.5912 0.5892 0.5999 0.6201 0.6462 0.6715 0.6978 0.7075 0.7151 0.7268 0.7361 0.7445 0.7481 0.7517 0.7651 0.7786 0.7944 0.8073 0.8179 0.8274 0.8378 0.8448 0.8498 0.8514 0.8536 0.8578 0.8631 0.8678 0.8769 0.8804 0.886 0.8872 0.89 0.8918 0.8957 0.9002 0.9048 0.9075 0.9085 0.9102 0.9125 0.9129 0.9141 0.9152 0.9178 0.921 0.923 0.9233 0.9226 0.9237 0.9263 0.9271 0.9275 0.9286 0.9313 0.9329 0.9327 0.931 0.9347 0.9358 0.9353 0.9352 0.9375 0.9393 0.9399 0.9372 0.9379 0.9407 0.9424 0.94 0.94 0.9416 0.9449 0.944 0.9422 0.9425 0.9453 0.9467 0.9494 0.9482 0.9481 0.9492 0.9504 0.9497 0.9492 0.9503 0.9501 0.9516 
clear_signSGD_acc_worker
0 
clear_signSGD_acc_worker
0 
clear_signSGD_acc_worker
0 
clear_signSGD_acc_worker
0 
clear_signSGD_acc_worker
0 
clear_signSGD_acc_worker
0 
clear_signSGD_acc_worker
0 
clear_signSGD_acc_worker
0 
clear_signSGD_acc_worker
0 
clear_signSGD_acc_worker
0 0.0974 0.098 0.1028 0.1028 0.101 0.0982 0.0982 0.1108 0.0974 0.0974 0.1135 0.1135 0.1307 0.1028 0.1067 0.101 0.1368 0.1497 0.195 0.2163 0.2412 0.2336 0.2619 0.3614 0.3949 0.4128 0.4163 0.4224 0.4398 0.4695 0.5043 0.5413 0.5622 0.5828 0.5925 0.6089 0.6312 0.6502 0.6712 0.6833 0.6925 0.7038 0.7162 0.7309 0.7426 0.7516 0.7608 0.7719 0.7795 0.7872 0.7967 0.8035 0.8081 0.8136 0.8174 0.8246 0.8316 0.8376 0.8469 0.854 0.8595 0.863 0.8696 0.8749 0.8789 0.8837 0.8883 0.8926 0.8955 0.9001 0.9034 0.9064 0.91 0.9115 0.9149 0.9179 0.9184 0.9223 0.9236 0.9241 0.9267 0.9305 0.9313 0.9332 0.9349 0.9363 0.9383 0.9388 0.9392 0.9421 0.9412 0.9432 0.9447 0.9458 0.9472 0.9477 0.9499 0.9504 0.9513 0.9536 0.954 0.9531 0.9545 0.956 0.9571 0.9572 0.959 0.9587 0.9588 0.9589 0.9594 0.9609 0.961 0.9617 0.9626 0.9632 0.963 0.9647 0.965 0.9642 
clear_signSGD_acc_worker
0 
clear_signSGD_acc_worker
0 
clear_signSGD_acc_worker
0 
clear_signSGD_acc_worker
0 
clear_signSGD_acc_worker
0 
clear_signSGD_acc_worker
0 
clear_signSGD_acc_worker
0 
clear_signSGD_acc_worker
0 
clear_signSGD_acc_worker
0 
clear_signSGD_acc_worker
0 0.1009 0.0958 0.0958 0.1135 0.1135 0.0982 0.0982 0.1009 0.0892 0.1032 0.1032 0.1028 0.1028 0.101 0.101 0.101 0.101 0.214 0.1272 0.1135 0.1135 0.1135 0.1142 0.1634 0.2112 0.2125 0.2054 0.2038 0.2639 0.2046 0.1753 0.2384 0.3013 0.2754 0.2602 0.2585 0.2661 0.2717 0.2935 0.3097 0.3241 0.2745 0.2989 0.3031 0.3085 0.3141 0.3225 0.3954 0.4042 0.3894 0.3814 0.3927 0.4053 0.4182 0.4299 0.4577 0.494 0.5268 0.5599 0.5698 0.5787 0.5804 0.5939 0.6193 0.6413 0.6419 0.6384 0.6464 0.6595 0.6725 0.6853 0.6965 0.7057 0.7126 0.7206 0.7265 0.73 0.7338 0.7364 0.7445 0.7502 0.7599 0.7641 0.7641 0.7657 0.7736 0.7797 0.7778 0.7774 0.7822 0.79 0.7983 0.7991 0.8049 0.8067 0.8097 0.8157 0.8202 0.8227 0.8272 0.8305 0.8348 0.8391 0.8449 0.8422 0.8405 0.8432 0.8515 0.8543 0.8501 0.8544 0.8612 0.8647 0.8665 0.8699 0.8772 0.8786 0.8788 0.8851 0.8852 
clear_signSGD_acc_worker
0 
clear_signSGD_acc_worker
0 
clear_signSGD_acc_worker
0 
clear_signSGD_acc_worker
0 
clear_signSGD_acc_worker
0 
clear_signSGD_acc_worker
0 
clear_signSGD_acc_worker
0 
clear_signSGD_acc_worker
0 
clear_signSGD_acc_worker
0 
clear_signSGD_acc_worker
0 0.0892 0.1032 0.098 0.098 0.1028 0.0982 0.0982 0.1135 0.0974 0.099 0.1032 0.1028 0.1028 0.1028 0.1043 0.1136 0.1135 0.1135 0.1135 0.1135 0.1136 0.1522 0.245 0.2619 0.28 0.3129 0.3934 0.424 0.4242 0.4377 0.46 0.4924 0.5343 0.576 0.5977 0.6073 0.6149 0.6206 0.6437 0.6666 0.6825 0.6964 0.7202 0.7385 0.7503 0.7596 0.7702 0.7728 0.7823 0.7895 0.7912 0.7972 0.8059 0.8118 0.8207 0.8281 0.8339 0.8388 0.8446 0.8502 0.8573 0.8607 0.8705 0.8783 0.8794 0.8811 0.8837 0.8861 0.8957 0.9017 0.9029 0.9027 0.9058 0.9096 0.9145 0.9132 0.9141 0.9195 0.9207 0.9194 0.9252 0.9293 0.9308 0.933 0.9343 0.9346 0.9372 0.9373 0.9395 0.9405 0.9402 0.9408 0.9429 0.9429 0.9447 0.9429 0.9418 0.9474 0.9453 0.9459 0.9465 0.9489 0.9517 0.9507 0.9474 0.9496 0.9514 0.952 0.9523 0.9528 0.9528 0.9551 0.9559 0.9544 0.9567 0.9572 0.9556 0.9577 0.9542 0.9537 
clear_signSGD_acc_worker
0 
clear_signSGD_acc_worker
0 
clear_signSGD_acc_worker
0 
clear_signSGD_acc_worker
0 
clear_signSGD_acc_worker
0 
clear_signSGD_acc_worker
0 
clear_signSGD_acc_worker
0 
clear_signSGD_acc_worker
0 
clear_signSGD_acc_worker
0 
clear_signSGD_acc_worker
0 0.0892 0.0958 0.0958 0.1028 0.101 0.101 0.101 0.1135 0.1135 0.1135 0.0958 0.0958 0.0958 0.1136 0.1233 0.1199 0.1287 0.1109 0.1163 0.164 0.2083 0.1946 0.1928 0.1891 0.1926 0.1986 0.2244 0.3246 0.4178 0.3958 0.4018 0.4275 0.4742 0.5257 0.5599 0.5745 0.5956 0.6091 0.628 0.6461 0.6648 0.6777 0.6857 0.6885 0.6891 0.6987 0.7105 0.7244 0.7347 0.7446 0.7511 0.7553 0.7605 0.7635 0.7718 0.7782 0.7815 0.7812 0.7857 0.7943 0.8065 0.8125 0.8144 0.818 0.8293 0.8353 0.836 0.8365 0.8412 0.8428 0.8482 0.8514 0.8563 0.8623 0.8699 0.877 0.8813 0.8825 0.8858 0.8926 0.8932 0.8952 0.8987 0.9026 0.9093 0.9081 0.9058 0.9087 0.9161 0.917 0.9164 0.9201 0.9266 0.9241 0.9216 0.9213 0.928 0.9321 0.9301 0.9285 0.9322 0.9348 0.9344 0.9353 0.9359 0.9351 0.9325 0.937 0.9415 0.9391 0.9397 0.9429 0.9437 0.9456 0.9479 0.9478 0.9477 0.9494 0.9489 0.9456 
clear_signSGD_acc_worker
0 
clear_signSGD_acc_worker
0 
clear_signSGD_acc_worker
0 
clear_signSGD_acc_worker
0 
clear_signSGD_acc_worker
0 
clear_signSGD_acc_worker
0 
clear_signSGD_acc_worker
0 
clear_signSGD_acc_worker
0 
clear_signSGD_acc_worker
0 
clear_signSGD_acc_worker
0 0.101 0.101 0.1032 0.1032 0.1135 0.0982 0.0982 0.0982 0.0892 0.0892 0.0892 0.1032 0.1135 0.1135 0.1135 0.1135 0.1135 0.0982 0.0983 0.1029 0.1089 0.1128 0.1594 0.2743 0.2309 0.2063 0.2313 0.298 0.4015 0.4162 0.3864 0.3854 0.4031 0.4488 0.5167 0.5837 0.6067 0.6052 0.6009 0.6016 0.6179 0.6386 0.6675 0.6939 0.7118 0.7259 0.7422 0.7586 0.7747 0.7805 0.793 0.8053 0.8164 0.8274 0.834 0.8404 0.8456 0.8527 0.8591 0.865 0.8645 0.869 0.8752 0.8805 0.883 0.8856 0.8928 0.8998 0.9027 0.904 0.9086 0.9128 0.9131 0.9161 0.9178 0.9189 0.9232 0.9271 0.9295 0.9313 0.9319 0.9344 0.9355 0.9375 0.9379 0.9355 0.9391 0.9397 0.9425 0.9434 0.9411 0.9443 0.9438 0.9437 0.9454 0.9348 0.9314 0.9418 0.9482 0.9457 0.9491 0.9472 0.9473 0.9523 0.9516 0.952 0.9551 0.9563 0.9562 0.9542 0.9556 0.9569 0.9578 0.9578 0.9566 0.9593 0.9595 0.9612 0.9597 0.9597 
