clear_trimmean_acc_worker
0 
clear_trimmean_acc_worker
0 
clear_trimmean_acc_worker
0 
clear_trimmean_acc_worker
0 
clear_trimmean_acc_worker
0 
clear_trimmean_acc_worker
0 
clear_trimmean_acc_worker
0 
clear_trimmean_acc_worker
0 
clear_trimmean_acc_worker
0 
clear_trimmean_acc_worker
0 0.1028 0.1028 0.1028 0.0982 0.0982 0.0982 0.0982 0.1035 0.1032 0.1032 0.1032 0.1028 0.1028 0.1972 0.1135 0.1135 0.1135 0.1135 0.1135 0.1135 0.1135 0.1135 0.1135 0.1138 0.1277 0.1739 0.1943 0.1982 0.2003 0.2005 0.2032 0.2156 0.2334 0.2286 0.227 0.2297 0.2333 0.2429 0.258 0.2868 0.2942 0.291 0.2884 0.2955 0.2982 0.2953 0.2935 0.2992 0.3164 0.297 0.3388 0.3164 0.3197 0.3183 0.3199 0.3225 0.3235 0.3265 0.3319 0.3347 0.3441 0.3507 0.3493 0.343 0.3529 0.3688 0.3817 0.3693 0.384 0.3997 0.4156 0.4355 0.4395 0.4699 0.4995 0.4954 0.5021 0.519 0.5252 0.5448 0.563 0.5707 0.5856 0.5939 0.5965 0.6051 0.6145 0.6111 0.6197 0.6386 0.665 0.6788 0.6899 0.6967 0.712 0.7298 0.7402 0.7376 0.7386 0.7492 0.7611 0.7666 0.7748 0.7817 0.7931 0.8054 0.8065 0.8081 0.8124 0.8234 0.8358 0.8379 0.8398 0.8457 0.8472 0.8479 0.8551 0.8588 0.8638 0.87 0.8748 0.877 0.88 0.8857 0.89 0.8897 0.8956 0.8992 0.9033 0.9027 0.9013 0.9116 0.9137 0.9138 0.9054 0.9218 0.9112 0.9247 0.9134 0.921 0.9279 0.9226 0.9291 0.9318 0.9303 0.9327 0.9354 0.9371 0.9364 0.9347 0.9369 0.9411 0.9408 0.9386 0.9405 0.9407 0.9421 0.9446 0.9458 0.9461 0.9482 0.9499 0.9512 0.9495 0.952 0.9502 0.9505 0.9529 0.9516 0.9531 0.9529 0.9536 0.9547 0.9557 0.9547 0.9549 0.9566 0.9582 0.9581 0.9574 0.9586 0.9581 0.9598 0.9606 0.9599 0.9591 0.9597 0.9612 0.9622 0.9642 0.9639 0.9627 0.9622 0.9628 0.9632 0.9597 0.9599 0.962 0.9629 0.9639 0.964 0.9688 0.9589 0.9614 0.9663 0.956 0.9635 0.9635 0.956 0.9621 0.9661 0.9618 0.9644 0.9685 0.967 0.9633 0.9641 0.9668 0.9689 0.9685 0.9647 0.9668 0.9695 0.9689 0.9673 0.9647 0.9645 0.9678 0.9701 0.9675 0.9673 0.9699 0.9704 0.9701 0.9674 
clear_trimmean_acc_worker
0 
clear_trimmean_acc_worker
0 
clear_trimmean_acc_worker
0 
clear_trimmean_acc_worker
0 
clear_trimmean_acc_worker
0 
clear_trimmean_acc_worker
0 
clear_trimmean_acc_worker
0 
clear_trimmean_acc_worker
0 
clear_trimmean_acc_worker
0 
clear_trimmean_acc_worker
0 0.1135 0.1135 0.0974 0.0974 0.0958 0.0958 0.0958 0.1028 0.101 0.101 0.101 0.1032 0.1135 0.1135 0.1135 0.1135 0.1135 0.1135 0.1135 0.1135 0.1135 0.1028 0.1028 0.1028 0.1028 0.1028 0.1135 0.1135 0.1135 0.1135 0.1135 0.1135 0.1135 0.1135 0.1135 0.1135 0.1135 0.1135 0.1135 0.1135 0.1135 0.1135 0.1135 0.1235 0.1609 0.1799 0.2334 0.224 0.2189 0.2219 0.2295 0.2373 0.2427 0.2527 0.2627 0.2733 0.2833 0.3044 0.3034 0.319 0.3181 0.3165 0.3163 0.3193 0.3263 0.3314 0.3274 0.3247 0.3223 0.3258 0.3381 0.3519 0.3598 0.3598 0.3503 0.3531 0.3675 0.376 0.38 0.3874 0.3992 0.4077 0.4175 0.4305 0.4451 0.4664 0.4881 0.5115 0.522 0.5254 0.5302 0.5354 0.5445 0.5542 0.5609 0.563 0.5739 0.5866 0.598 0.6084 0.6268 0.6394 0.6572 0.6649 0.6723 0.6801 0.6891 0.7033 0.7184 0.7141 0.7304 0.7303 0.7382 0.7509 0.7632 0.7782 0.7834 0.7876 0.789 0.8056 0.8117 0.8061 0.8164 0.8219 0.831 0.8374 0.8387 0.8457 0.8503 0.8586 0.8645 0.8678 0.8723 0.8774 0.8804 0.8847 0.8886 0.8888 0.8917 0.8966 0.9032 0.906 0.909 0.9098 0.9133 0.9166 0.9183 0.9161 0.9157 0.9161 0.9208 0.9201 0.926 0.9218 0.9283 0.9298 0.9318 0.9291 0.9281 0.9324 0.9313 0.937 0.9358 0.9311 0.9345 0.9411 0.9357 0.9388 0.9387 0.9357 0.939 0.9448 0.9451 0.9434 0.9439 0.9442 0.9456 0.9466 0.9483 0.9482 0.9509 0.9495 0.95 0.9512 0.9496 0.9498 0.9526 0.9536 0.9531 0.9533 0.955 0.9549 0.9517 0.9518 0.9531 0.9561 0.9574 0.9564 0.9565 0.9565 0.9565 0.958 0.9587 0.9579 0.9583 0.9578 0.957 0.9602 0.9572 0.9572 0.9611 0.9593 0.96 0.9621 0.96 0.9613 0.9631 0.9633 0.964 0.963 0.962 0.9607 0.9626 0.9619 0.9591 0.9635 0.9648 0.9636 0.964 0.9645 0.9646 0.9651 0.9667 0.9675 0.968 
clear_trimmean_acc_worker
0 
clear_trimmean_acc_worker
0 
clear_trimmean_acc_worker
0 
clear_trimmean_acc_worker
0 
clear_trimmean_acc_worker
0 
clear_trimmean_acc_worker
0 
clear_trimmean_acc_worker
0 
clear_trimmean_acc_worker
0 
clear_trimmean_acc_worker
0 
clear_trimmean_acc_worker
0 0.1135 0.1028 0.1028 0.1028 0.101 0.0958 0.0958 0.0771 0.1135 0.1135 0.1135 0.1032 0.1032 0.1028 0.1028 0.1028 0.1028 0.1028 0.1135 0.1135 0.1135 0.1135 0.1135 0.1135 0.1135 0.1032 0.1032 0.101 0.101 0.101 0.101 0.1028 0.1028 0.1028 0.1135 0.1135 0.1135 0.1135 0.1135 0.0958 0.0958 0.0958 0.101 0.101 0.101 0.101 0.101 0.1135 0.1135 0.1135 0.1135 0.1135 0.1135 0.1135 0.1135 0.1136 0.1135 0.0992 0.0982 0.0982 0.0982 0.1135 0.1135 0.1135 0.1135 0.1135 0.1135 0.1135 0.1032 0.1135 0.1138 0.1135 0.1135 0.1135 0.1135 0.1135 0.1135 0.1135 0.1135 0.1135 0.1638 0.1032 0.1032 0.1035 0.0976 0.101 0.101 0.2196 0.1374 0.1135 0.1135 0.1135 0.1135 0.1136 0.2022 0.198 0.1032 0.1028 0.1908 0.1135 0.1135 0.1135 0.1135 0.1135 0.1135 0.1633 0.2361 0.1896 0.1913 0.1885 0.1735 0.125 0.116 0.242 0.1164 0.1147 0.1302 0.1558 0.1917 0.2402 0.2415 0.2426 0.2575 0.2938 0.2412 0.2497 0.2776 0.3217 0.2889 0.3108 0.2805 0.2606 0.2832 0.2943 0.315 0.3484 0.3474 0.365 0.3434 0.3549 0.307 0.2867 0.2789 0.2741 0.3307 0.3662 0.3791 0.3875 0.3971 0.3706 0.3706 0.4023 0.4312 0.4356 0.4818 0.493 0.5052 0.5217 0.5629 0.5765 0.5604 0.5491 0.557 0.5493 0.5549 0.5723 0.6053 0.6251 0.632 0.6539 0.678 0.6828 0.6773 0.6761 0.6798 0.6853 0.6929 0.7034 0.7158 0.7256 0.7335 0.7344 0.7437 0.7545 0.7593 0.7556 0.7599 0.7685 0.7749 0.7841 0.7961 0.8002 0.8022 0.8013 0.8022 0.809 0.8101 0.814 0.8186 0.8217 0.8278 0.8322 0.8375 0.842 0.843 0.842 0.8388 0.8443 0.8487 0.8521 0.8554 0.8579 0.8587 0.8597 0.8611 0.8641 0.8646 0.8673 0.8691 0.8713 0.8726 0.8734 0.8742 0.8751 0.8753 0.8741 0.8761 0.8774 0.8805 0.8831 0.8833 0.8849 0.8866 0.8875 0.8872 
clear_trimmean_acc_worker
0 
clear_trimmean_acc_worker
0 
clear_trimmean_acc_worker
0 
clear_trimmean_acc_worker
0 
clear_trimmean_acc_worker
0 
clear_trimmean_acc_worker
0 
clear_trimmean_acc_worker
0 
clear_trimmean_acc_worker
0 
clear_trimmean_acc_worker
0 
clear_trimmean_acc_worker
0 0.1135 0.1135 0.1135 0.1028 0.1028 0.0958 0.0673 0.1009 0.1009 0.1009 0.1009 0.1009 0.1009 0.1135 0.1032 0.1032 0.1032 0.1028 0.1028 0.098 0.101 0.1135 0.1135 0.1135 0.1135 0.1135 0.1009 0.1009 0.1009 0.114 0.0958 0.0958 0.0958 0.1135 0.1135 0.1135 0.1135 0.1028 0.1028 0.1028 0.1028 0.1028 0.1009 0.1009 0.1009 0.101 0.101 0.1135 0.1135 0.1135 0.1135 0.1135 0.1135 0.1135 0.1135 0.1028 0.1028 0.1028 0.1028 0.1028 0.1028 0.1851 0.1135 0.1135 0.1135 0.1135 0.1135 0.1135 0.1028 0.1028 0.1028 0.1028 0.1028 0.1028 0.1135 0.1135 0.1135 0.1135 0.1135 0.1135 0.1135 0.2035 0.202 0.2135 0.1028 0.1028 0.1028 0.1028 0.1188 0.0892 0.0983 0.0982 0.0982 0.176 0.1135 0.1135 0.1915 0.1028 0.1028 0.1028 0.1028 0.1028 0.1726 0.1135 0.1135 0.1135 0.1135 0.1135 0.1135 0.1135 0.1135 0.1921 0.145 0.1437 0.1028 0.1028 0.1028 0.1752 0.1032 0.1032 0.1032 0.186 0.1135 0.1135 0.1135 0.1135 0.1135 0.1135 0.2065 0.1028 0.1054 0.1868 0.252 0.2077 0.2312 0.236 0.2497 0.2537 0.1888 0.1616 0.1135 0.1135 0.1135 0.1135 0.1137 0.1756 0.2212 0.2616 0.2158 0.1751 0.2174 0.2018 0.2214 0.2023 0.1656 0.1811 0.2684 0.3061 0.2971 0.2761 0.1847 0.1292 0.1412 0.1688 0.2058 0.2061 0.2079 0.2325 0.2888 0.2995 0.3001 0.3386 0.3954 0.4103 0.3131 0.2639 0.3067 0.4159 0.35 0.3264 0.3295 0.3169 0.2911 0.2901 0.2961 0.3321 0.3879 0.4561 0.4192 0.3762 0.3771 0.4075 0.4526 0.4529 0.4325 0.4065 0.4146 0.4499 0.4763 0.4841 0.5023 0.5094 0.5089 0.4937 0.4971 0.5223 0.5397 0.5488 0.5483 0.5449 0.5482 0.5762 0.5895 0.5852 0.5879 0.5986 0.608 0.6219 0.6361 0.637 0.6402 0.6375 0.635 0.6346 0.6296 0.6215 0.6251 0.6425 0.6656 0.6904 0.7035 0.7056 0.7095 0.7121 0.7103 
clear_trimmean_acc_worker
0 
clear_trimmean_acc_worker
0 
clear_trimmean_acc_worker
0 
clear_trimmean_acc_worker
0 
clear_trimmean_acc_worker
0 
clear_trimmean_acc_worker
0 
clear_trimmean_acc_worker
0 
clear_trimmean_acc_worker
0 
clear_trimmean_acc_worker
0 
clear_trimmean_acc_worker
0 0.1009 0.1028 0.1028 0.1028 0.1028 0.1028 0.1135 0.0718 0.1135 0.0974 0.0974 0.1135 0.0982 0.0982 0.1135 0.1135 0.1135 0.1135 0.1028 0.1028 0.1028 0.1028 0.1028 0.1013 0.0974 0.0974 0.101 0.101 0.101 0.101 0.101 0.101 0.101 0.1135 0.1011 0.1009 0.1028 0.1028 0.1028 0.1028 0.1028 0.1028 0.1135 0.1135 0.1135 0.1135 0.1135 0.1135 0.1135 0.1135 0.1135 0.1135 0.1009 0.1009 0.1071 0.1028 0.1028 0.1028 0.11 0.0958 0.0958 0.0958 0.0958 0.1377 0.1135 0.1135 0.1135 0.1135 0.1135 0.1135 0.1135 0.1032 0.1032 0.1032 0.1032 0.1043 0.0974 0.1254 0.1028 0.1029 0.1135 0.1135 0.1135 0.1136 0.1148 0.1084 0.0982 0.0982 0.1032 0.1032 0.1032 0.1032 0.1032 0.1135 0.1135 0.1135 0.1135 0.1135 0.1135 0.1135 0.1135 0.1135 0.1135 0.1137 0.1363 0.1144 0.1139 0.1818 0.1923 0.1795 0.1212 0.1176 0.1376 0.1032 0.1028 0.0959 0.1328 0.1013 0.1017 0.101 0.147 0.1136 0.1135 0.1135 0.1136 0.1221 0.1482 0.1424 0.1164 0.1684 0.2014 0.1732 0.1635 0.1433 0.1337 0.1641 0.1927 0.1861 0.1838 0.1936 0.1941 0.1109 0.1031 0.1028 0.1028 0.1028 0.1652 0.0976 0.0962 0.1902 0.1972 0.2019 0.1896 0.1416 0.1902 0.1932 0.2384 0.213 0.1813 0.1839 0.2138 0.3206 0.2767 0.254 0.236 0.3039 0.2598 0.2129 0.2291 0.2357 0.1686 0.1402 0.1184 0.124 0.1368 0.1309 0.1292 0.1874 0.206 0.2109 0.2156 0.2317 0.2696 0.3051 0.2306 0.2378 0.2433 0.2279 0.208 0.1781 0.142 0.1449 0.1961 0.2854 0.3013 0.2906 0.2879 0.3141 0.4024 0.4493 0.3896 0.3985 0.4103 0.4354 0.3931 0.3325 0.3089 0.2952 0.2934 0.2925 0.2999 0.3101 0.3336 0.3585 0.3803 0.3837 0.3967 0.4536 0.4977 0.4372 0.3946 0.3877 0.4003 0.42 0.4509 0.4754 0.4863 0.4862 0.4796 0.4665 0.4693 0.4604 0.4501 0.4627 0.4838 
clear_trimmean_acc_worker
0 
clear_trimmean_acc_worker
0 
clear_trimmean_acc_worker
0 
clear_trimmean_acc_worker
0 
clear_trimmean_acc_worker
0 
clear_trimmean_acc_worker
0 
clear_trimmean_acc_worker
0 
clear_trimmean_acc_worker
0 
clear_trimmean_acc_worker
0 
clear_trimmean_acc_worker
0 0.0974 0.1135 0.1135 0.1028 0.1028 0.1028 0.1028 0.1028 0.1028 0.1028 0.0958 0.0958 0.0958 0.0958 0.101 0.101 0.101 0.101 0.1021 0.1123 0.1135 0.1135 0.1135 0.1135 0.1135 0.1028 0.1028 0.1135 0.1135 0.1135 0.1135 0.1135 0.1246 0.1173 0.117 0.1135 0.1135 0.1135 0.1135 0.1135 0.0946 0.0958 0.0958 0.0958 0.0958 0.0958 0.1135 0.1135 0.1135 0.1135 0.1135 0.1135 0.1135 0.1135 0.1135 0.1135 0.1135 0.1135 0.1018 0.1028 0.1067 0.1037 0.1028 0.1028 0.1025 0.1421 0.1383 0.1135 0.1163 0.1135 0.1135 0.1135 0.1135 0.1135 0.1135 0.1135 0.1135 0.1135 0.1135 0.1135 0.1135 0.0892 0.0892 0.0892 0.0958 0.0958 0.1645 0.101 0.101 0.101 0.101 0.101 0.101 0.101 0.101 0.1187 0.1137 0.1135 0.1135 0.1135 0.1135 0.1135 0.1135 0.1135 0.1135 0.1135 0.134 0.1051 0.0889 0.0897 0.1104 0.0982 0.0982 0.0982 0.0982 0.0982 0.1186 0.1135 0.1135 0.1135 0.1135 0.1135 0.1135 0.1135 0.1135 0.1168 0.1035 0.1503 0.1028 0.1028 0.1035 0.1589 0.1145 0.1135 0.1135 0.1135 0.1135 0.1135 0.148 0.1009 0.1009 0.1009 0.1009 0.1009 0.1814 0.101 0.101 0.101 0.1107 0.1135 0.1135 0.1135 0.1135 0.1135 0.1135 0.1135 0.1038 0.0958 0.0958 0.0958 0.0958 0.0958 0.1504 0.1238 0.1142 0.1417 0.1139 0.1136 0.1135 0.1197 0.1452 0.1945 0.1656 0.202 0.1769 0.2333 0.1233 0.1702 0.1346 0.1057 0.1056 0.0958 0.0958 0.0958 0.0958 0.1961 0.1326 0.1135 0.1135 0.1135 0.1222 0.203 0.2037 0.1923 0.1871 0.1497 0.1052 0.1357 0.2291 0.1404 0.1251 0.1348 0.1676 0.1612 0.145 0.1236 0.114 0.1161 0.1334 0.1696 0.2024 0.2205 0.2722 0.2062 0.1701 0.2441 0.2912 0.2873 0.27 0.2364 0.2155 0.2048 0.183 0.1526 0.1444 0.1633 0.1856 0.2041 0.2736 0.3367 0.311 0.1881 0.1649 0.1655 0.1669 
clear_trimmean_acc_worker
0 
clear_trimmean_acc_worker
0 
clear_trimmean_acc_worker
0 
clear_trimmean_acc_worker
0 
clear_trimmean_acc_worker
0 
clear_trimmean_acc_worker
0 
clear_trimmean_acc_worker
0 
clear_trimmean_acc_worker
0 
clear_trimmean_acc_worker
0 
clear_trimmean_acc_worker
0 0.0982 0.101 0.101 0.101 0.1028 0.1028 0.1028 0.1028 0.1028 0.1028 0.1135 0.1135 0.1135 0.1135 0.1135 0.1135 0.1135 0.1135 0.1135 0.1135 0.1135 0.1135 0.1135 0.1135 0.1135 0.1135 0.1135 0.1009 0.096 0.0892 0.0958 0.0958 0.0958 0.0958 0.0958 0.0958 0.0958 0.0958 0.1135 0.1135 0.1135 0.1135 0.1135 0.1135 0.1135 0.1135 0.1135 0.1135 0.1135 0.1135 0.1135 0.1135 0.1135 0.1135 0.1135 0.1135 0.1135 0.1135 0.1135 0.1135 0.1135 0.1135 0.1135 0.101 0.101 0.101 0.101 0.101 0.101 0.101 0.101 0.0987 0.0982 0.098 0.1126 0.1054 0.1009 0.1009 0.1009 0.1009 0.1009 0.1135 0.0287 0.0444 0.0782 0.1135 0.1135 0.1135 0.1135 0.1135 0.1064 0.101 0.101 0.101 0.1404 0.1028 0.1028 0.1028 0.1028 0.1028 0.1028 0.1028 0.1028 0.1028 0.1283 0.1135 0.1135 0.1135 0.1135 0.1135 0.1135 0.1135 0.1135 0.1135 0.1135 0.114 0.0958 0.0958 0.0958 0.0958 0.0958 0.0958 0.0958 0.1463 0.1028 0.1028 0.1028 0.1028 0.1028 0.1041 0.105 0.1063 0.1135 0.1135 0.1135 0.1135 0.1135 0.1135 0.1135 0.1135 0.1135 0.1135 0.1135 0.1135 0.1135 0.1203 0.1367 0.1028 0.1028 0.1028 0.1028 0.1028 0.1264 0.1591 0.1604 0.1614 0.1272 0.1151 0.1138 0.1144 0.1534 0.1141 0.0959 0.0975 0.1162 0.1739 0.1352 0.1138 0.1135 0.1135 0.1135 0.1135 0.1135 0.1135 0.1135 0.1135 0.1135 0.1135 0.1295 0.2023 0.1028 0.1028 0.1028 0.1028 0.1028 0.1028 0.1035 0.1872 0.2003 0.1178 0.1182 0.1793 0.1595 0.1364 0.1153 0.1136 0.1135 0.1135 0.1135 0.1135 0.1135 0.1135 0.1135 0.1143 0.1155 0.1585 0.2003 0.1028 0.1028 0.1028 0.1028 0.1028 0.1028 0.1032 0.1116 0.1612 0.2719 0.2804 0.2624 0.2704 0.2925 0.3121 0.2942 0.2433 0.2216 0.1991 0.2003 0.1902 0.2025 0.2136 0.2205 0.2367 0.2489 0.2493 0.2437 
clear_trimmean_acc_worker
0 
clear_trimmean_acc_worker
0 
clear_trimmean_acc_worker
0 
clear_trimmean_acc_worker
0 
clear_trimmean_acc_worker
0 
clear_trimmean_acc_worker
0 
clear_trimmean_acc_worker
0 
clear_trimmean_acc_worker
0 
clear_trimmean_acc_worker
0 
clear_trimmean_acc_worker
0 0.0974 0.1135 0.1135 0.1135 0.0892 0.0892 0.1028 0.101 0.101 0.101 0.101 0.101 0.101 0.101 0.101 0.101 0.101 0.101 0.101 0.101 0.101 0.0914 0.0982 0.0982 0.0982 0.1009 0.1009 0.1009 0.1009 0.1009 0.1009 0.1009 0.1009 0.1009 0.1009 0.1009 0.1135 0.1135 0.1135 0.1135 0.1135 0.1135 0.1135 0.1135 0.1193 0.0982 0.0982 0.0982 0.0982 0.0982 0.0982 0.0982 0.0982 0.0982 0.0982 0.0982 0.0982 0.0992 0.101 0.101 0.101 0.101 0.101 0.101 0.101 0.101 0.101 0.101 0.101 0.1145 0.1135 0.1135 0.1135 0.1135 0.1135 0.1135 0.1135 0.1135 0.1135 0.1135 0.1135 0.1135 0.1135 0.1009 0.0958 0.0958 0.0958 0.0958 0.0958 0.1066 0.1032 0.1032 0.1032 0.1032 0.1032 0.1032 0.1032 0.1032 0.1032 0.1032 0.1032 0.1032 0.1032 0.1032 0.1032 0.1032 0.1033 0.1137 0.1135 0.1135 0.1135 0.1134 0.0846 0.0962 0.1078 0.1126 0.1135 0.1136 0.0965 0.091 0.0958 0.0958 0.0958 0.1402 0.1046 0.1032 0.1032 0.1032 0.1032 0.1231 0.1133 0.1243 0.1026 0.1012 0.101 0.101 0.101 0.101 0.101 0.1012 0.111 0.1133 0.1135 0.1135 0.1135 0.1135 0.1135 0.1135 0.1135 0.1168 0.098 0.0982 0.0982 0.0983 0.1069 0.1032 0.1032 0.1032 0.1032 0.1032 0.1032 0.0715 0.1028 0.1038 0.1076 0.1139 0.1553 0.1851 0.1339 0.1117 0.117 0.1775 0.1603 0.142 0.1396 0.1298 0.1351 0.1018 0.101 0.101 0.101 0.101 0.101 0.102 0.1143 0.181 0.1706 0.1287 0.1091 0.1143 0.1631 0.2616 0.2955 0.2246 0.2262 0.1836 0.1198 0.1194 0.1151 0.1135 0.1135 0.1137 0.1136 0.1135 0.1135 0.1135 0.1142 0.1252 0.184 0.1488 0.101 0.101 0.101 0.101 0.101 0.101 0.101 0.101 0.101 0.101 0.1588 0.1937 0.1321 0.1135 0.1135 0.1135 0.1135 0.1135 0.1135 0.1144 0.1257 0.1548 0.192 0.2074 0.1926 
clear_trimmean_acc_worker
0 
clear_trimmean_acc_worker
0 
clear_trimmean_acc_worker
0 
clear_trimmean_acc_worker
0 
clear_trimmean_acc_worker
0 
clear_trimmean_acc_worker
0 
clear_trimmean_acc_worker
0 
clear_trimmean_acc_worker
0 
clear_trimmean_acc_worker
0 
clear_trimmean_acc_worker
0 0.0958 0.0958 0.0958 0.0958 0.0982 0.0982 0.0982 0.0982 0.0982 0.0982 0.0969 0.1032 0.1032 0.0806 0.1028 0.1028 0.1028 0.1028 0.0476 0.1135 0.1135 0.1135 0.1135 0.1135 0.1135 0.1135 0.1135 0.1135 0.1135 0.1135 0.1135 0.1135 0.1135 0.1135 0.1135 0.1135 0.1135 0.1135 0.1135 0.1135 0.0968 0.0958 0.0958 0.0966 0.1009 0.1009 0.1009 0.1009 0.1101 0.1009 0.101 0.1032 0.103 0.1135 0.1135 0.1135 0.1135 0.1135 0.1135 0.1135 0.1135 0.1135 0.1135 0.1135 0.1135 0.1135 0.1135 0.1135 0.1135 0.1135 0.1135 0.1135 0.1135 0.1135 0.1032 0.1032 0.1032 0.1032 0.1029 0.1024 0.1017 0.1018 0.0995 0.0952 0.0953 0.1029 0.1028 0.0586 0.1135 0.1135 0.1135 0.1135 0.1055 0.1135 0.1135 0.1135 0.1135 0.1135 0.1135 0.1135 0.1135 0.1135 0.1135 0.1052 0.0878 0.101 0.101 0.101 0.101 0.101 0.0819 0.1136 0.1135 0.1135 0.1135 0.1135 0.1135 0.0417 0.1027 0.1028 0.1028 0.1028 0.1028 0.1028 0.1028 0.1028 0.1028 0.1028 0.1028 0.1388 0.1078 0.1096 0.1218 0.1038 0.101 0.101 0.101 0.101 0.1028 0.1032 0.1032 0.1032 0.1032 0.1032 0.1032 0.103 0.0935 0.1135 0.1135 0.1135 0.1135 0.1135 0.1135 0.1135 0.1135 0.1135 0.1135 0.1135 0.1135 0.1135 0.1135 0.1135 0.1135 0.1135 0.1135 0.1138 0.1299 0.1011 0.101 0.101 0.101 0.101 0.101 0.101 0.101 0.102 0.0956 0.082 0.0951 0.1032 0.1032 0.1032 0.1032 0.1032 0.1032 0.1032 0.103 0.0976 0.0511 0.1135 0.133 0.1645 0.1244 0.1373 0.1431 0.1316 0.1155 0.1011 0.0685 0.068 0.0667 0.0831 0.1089 0.1679 0.1163 0.1135 0.1136 0.1135 0.1135 0.1135 0.1135 0.1135 0.1135 0.1135 0.1135 0.1135 0.1135 0.1135 0.1135 0.1135 0.1135 0.1135 0.1135 0.1153 0.1335 0.148 0.1215 0.1074 0.1129 0.1012 0.1014 0.1009 0.1025 0.113 0.097 
clear_trimmean_acc_worker
0 
clear_trimmean_acc_worker
0 
clear_trimmean_acc_worker
0 
clear_trimmean_acc_worker
0 
clear_trimmean_acc_worker
0 
clear_trimmean_acc_worker
0 
clear_trimmean_acc_worker
0 
clear_trimmean_acc_worker
0 
clear_trimmean_acc_worker
0 
clear_trimmean_acc_worker
0 0.1009 0.1009 0.1009 0.101 0.101 0.101 0.101 0.101 0.101 0.101 0.101 0.101 0.101 0.101 0.101 0.101 0.101 0.101 0.101 0.1135 0.1135 0.1135 0.1135 0.1135 0.1135 0.1135 0.1135 0.1135 0.1135 0.1135 0.1135 0.1135 0.1135 0.1135 0.1135 0.1135 0.1135 0.1135 0.1135 0.1135 0.1135 0.1135 0.1135 0.1135 0.1135 0.1135 0.1135 0.1135 0.1135 0.1135 0.1135 0.1135 0.1135 0.1117 0.101 0.101 0.101 0.101 0.101 0.101 0.101 0.101 0.101 0.101 0.101 0.101 0.101 0.101 0.101 0.101 0.101 0.101 0.101 0.101 0.101 0.1231 0.1028 0.1028 0.1028 0.1028 0.1028 0.1028 0.1028 0.1028 0.1028 0.0427 0.0764 0.0974 0.0974 0.0974 0.0974 0.0974 0.0974 0.0974 0.0974 0.0974 0.0974 0.0974 0.0974 0.0974 0.0974 0.0975 0.1011 0.0958 0.0958 0.0958 0.0958 0.0949 0.1312 0.1164 0.1135 0.1135 0.1135 0.1135 0.1135 0.1135 0.1135 0.1135 0.1135 0.1135 0.1135 0.1135 0.1135 0.1135 0.1135 0.1135 0.1135 0.1135 0.1135 0.1135 0.1245 0.1235 0.112 0.1462 0.1491 0.1309 0.1125 0.105 0.1116 0.1055 0.1027 0.1028 0.1029 0.1029 0.1033 0.1164 0.1253 0.1413 0.1389 0.1201 0.1017 0.101 0.101 0.101 0.101 0.101 0.101 0.101 0.101 0.101 0.101 0.101 0.108 0.1154 0.1135 0.1135 0.1135 0.1135 0.1135 0.1135 0.1135 0.1135 0.1135 0.1135 0.1135 0.1135 0.1135 0.1135 0.1135 0.1135 0.1135 0.1135 0.1135 0.1135 0.1135 0.1135 0.1135 0.1136 0.136 0.0853 0.089 0.0894 0.0894 0.0797 0.102 0.1031 0.1032 0.1032 0.1032 0.1032 0.1032 0.1032 0.1032 0.103 0.1028 0.1028 0.1029 0.1029 0.1029 0.1015 0.1046 0.1066 0.1088 0.1063 0.1035 0.1028 0.1028 0.1028 0.1028 0.1028 0.1028 0.1028 0.1028 0.1028 0.1028 0.1028 0.1028 0.1028 0.1028 0.1028 0.1028 0.1028 0.1028 0.1028 0.1028 
clear_trimmean_acc_worker
0 
clear_trimmean_acc_worker
0 
clear_trimmean_acc_worker
0 
clear_trimmean_acc_worker
0 
clear_trimmean_acc_worker
0 
clear_trimmean_acc_worker
0 
clear_trimmean_acc_worker
0 
clear_trimmean_acc_worker
0 
clear_trimmean_acc_worker
0 0.1135 0.1135 0.1032 0.1032 0.101 0.101 0.0958 0.098 0.098 0.1135 0.1135 0.1135 0.1135 0.1028 0.1028 0.1135 0.1135 0.1135 0.1135 0.1135 0.1135 0.1135 0.1135 0.1135 0.1135 0.1135 0.1135 0.1135 0.1135 0.1135 0.1135 0.1135 0.1135 0.1135 0.1135 0.1135 0.1135 0.1135 0.1135 0.1135 0.1135 0.1135 0.1135 0.1135 0.1135 0.1135 0.1135 0.1135 0.1135 0.1135 0.1135 0.1135 0.1135 0.1135 0.1135 0.1135 0.1135 0.1135 0.1135 0.1135 0.1135 0.1135 0.1135 0.1135 0.1135 0.1135 0.1135 0.1135 0.1135 0.1135 0.1135 0.1135 0.1135 0.1135 0.1135 0.1135 0.1135 0.1135 0.1135 0.1135 0.1434 0.1724 0.1878 0.1902 0.1996 0.2221 0.237 0.2472 0.2477 0.2521 0.2587 0.2605 0.2672 0.2734 0.2776 0.2868 0.2903 0.294 0.2965 0.2965 0.2983 0.3025 0.3084 0.3159 0.3227 0.3192 0.3179 0.3309 0.3564 0.3668 0.3595 0.3553 0.3517 0.3548 0.3658 0.3729 0.3863 0.3975 0.3969 0.3993 0.4082 0.4167 0.4286 0.4363 0.4378 0.4406 0.4516 0.4719 0.4733 0.4758 0.4835 0.4921 0.5099 0.53 0.5427 0.5497 0.544 0.5633 0.5808 0.5885 0.5988 0.61 0.6255 0.6408 0.6627 0.6638 0.6736 0.6882 0.6982 0.7163 0.7438 0.7566 0.7752 0.7891 0.8011 0.8014 0.8156 0.8238 0.8364 0.8411 0.8514 0.8531 0.855 0.8592 0.8646 0.8721 0.8704 0.8805 0.8874 0.892 0.8967 0.9003 0.9035 0.9068 0.908 0.9113 0.9079 0.9133 0.9141 0.9168 0.921 0.9233 0.9236 0.9225 0.921 0.9286 0.9292 0.9301 0.9316 0.9338 0.9331 0.9314 0.9338 0.9354 0.9385 0.9366 0.9403 0.9376 0.9435 0.9374 0.9405 0.9469 0.9365 0.9445 0.9461 0.9397 0.9485 0.9512 0.9453 0.9498 0.9502 0.9484 0.9506 0.9551 0.9507 0.9528 0.9561 0.9538 0.9515 0.9535 0.9565 0.9546 0.9575 0.957 0.9521 0.9562 0.9575 0.9529 0.9542 0.9587 0.958 0.9571 0.9603 0.9604 0.9586 
clear_trimmean_acc_worker
0 
clear_trimmean_acc_worker
0 
clear_trimmean_acc_worker
0 
clear_trimmean_acc_worker
0 
clear_trimmean_acc_worker
0 
clear_trimmean_acc_worker
0 
clear_trimmean_acc_worker
0 
clear_trimmean_acc_worker
0 0.1032 0.1028 0.101 0.101 0.0958 0.0958 0.0958 0.1257 0.1135 0.1135 0.1927 0.1552 0.1886 0.1182 0.1135 0.1135 0.1135 0.1225 0.1184 0.1669 0.2318 0.2502 0.2496 0.2654 0.2716 0.2673 0.2427 0.2294 0.2342 0.2401 0.2498 0.2466 0.2493 0.2561 0.2621 0.2799 0.2487 0.2559 0.2563 0.2684 0.2529 0.3249 0.31 0.3273 0.3201 0.3173 0.318 0.3262 0.3321 0.3352 0.3364 0.3321 0.3403 0.3472 0.3548 0.3695 0.3842 0.389 0.4003 0.4161 0.4266 0.4252 0.4268 0.4489 0.4721 0.4913 0.5153 0.5275 0.5368 0.5389 0.5275 0.5375 0.5456 0.5416 0.5554 0.5659 0.5745 0.5978 0.6129 0.6157 0.6257 0.6304 0.6449 0.6692 0.6924 0.6885 0.6708 0.6819 0.7131 0.7384 0.7493 0.7599 0.7591 0.7669 0.7788 0.7883 0.7881 0.7905 0.8048 0.8101 0.811 0.812 0.8251 0.8322 0.8415 0.8395 0.8452 0.847 0.8519 0.852 0.8584 0.8601 0.8699 0.8731 0.865 0.8728 0.8836 0.8866 0.8896 0.8827 0.8909 0.8976 0.8971 0.9033 0.9021 0.9067 0.9074 0.9079 0.9093 0.9135 0.9166 0.9169 0.9205 0.92 0.92 0.922 0.9234 0.9246 0.9264 0.9245 0.9274 0.9248 0.9317 0.9339 0.9306 0.933 0.9343 0.9366 0.9391 0.9371 0.9379 0.938 0.9414 0.9418 0.9392 0.939 0.9415 0.9425 0.9447 0.946 0.9456 0.9466 0.9486 0.9502 0.9497 0.95 0.9521 0.9524 0.9518 0.9516 0.9507 0.9524 0.9523 0.9533 0.9538 0.9542 0.9551 0.9567 0.9575 0.9565 0.9575 0.9564 0.957 0.9591 0.9601 0.9598 0.9616 0.9616 0.9597 0.9613 0.963 0.9626 0.9641 0.9631 0.9654 0.9652 0.9619 0.9614 0.9627 0.9631 0.9643 0.9654 0.9661 0.9674 0.9654 0.9658 0.9687 0.9684 0.9664 0.9652 0.967 0.9662 0.9649 0.9667 0.968 0.9681 0.9684 0.9685 0.9689 0.9681 0.9671 0.9676 0.9665 0.9656 0.9651 0.9671 0.9678 0.9683 0.969 0.9689 0.9688 0.9719 0.9707 0.971 0.9719 
clear_trimmean_acc_worker
0 
clear_trimmean_acc_worker
0 
clear_trimmean_acc_worker
0 
clear_trimmean_acc_worker
0 
clear_trimmean_acc_worker
0 
clear_trimmean_acc_worker
0 
clear_trimmean_acc_worker
0 0.1135 0.098 0.098 0.101 0.0958 0.0974 0.0974 0.1009 0.1009 0.1135 0.1135 0.1135 0.192 0.137 0.1135 0.1135 0.1135 0.1135 0.1135 0.1167 0.1344 0.1564 0.1867 0.19 0.1903 0.2066 0.2151 0.2274 0.2285 0.2322 0.2637 0.2658 0.2608 0.2569 0.2614 0.2717 0.2498 0.2477 0.247 0.2553 0.2699 0.3201 0.3154 0.3197 0.333 0.3416 0.3402 0.3457 0.3499 0.3511 0.3553 0.3557 0.3697 0.3767 0.3849 0.3827 0.3951 0.4173 0.4341 0.4272 0.4332 0.4674 0.521 0.5547 0.5692 0.5824 0.5856 0.5942 0.5959 0.6094 0.625 0.6374 0.6397 0.6466 0.6557 0.6706 0.6804 0.689 0.7018 0.7145 0.7247 0.7371 0.7468 0.7552 0.7588 0.7616 0.7661 0.761 0.7707 0.7823 0.791 0.7993 0.8007 0.8122 0.8144 0.8184 0.8218 0.8288 0.8337 0.8393 0.8419 0.8457 0.8531 0.8533 0.8579 0.8602 0.869 0.8714 0.8706 0.8828 0.8857 0.8856 0.8907 0.8914 0.8924 0.8977 0.8967 0.8963 0.9057 0.9103 0.9084 0.9049 0.9007 0.9077 0.9059 0.9116 0.916 0.9134 0.9198 0.9231 0.9235 0.923 0.9205 0.9296 0.9249 0.9348 0.9297 0.9345 0.9335 0.9326 0.9354 0.9349 0.9359 0.9359 0.9346 0.9381 0.9403 0.9396 0.9406 0.9435 0.9412 0.9413 0.9426 0.942 0.9418 0.9444 0.9451 0.9467 0.9501 0.9475 0.9476 0.9495 0.9456 0.9486 0.9482 0.9434 0.9438 0.9502 0.948 0.95 0.9524 0.9481 0.9498 0.9537 0.9516 0.9493 0.9526 0.9552 0.9551 0.9551 0.9569 0.9578 0.9557 0.9558 0.9565 0.956 0.9582 0.9591 0.9566 0.9573 0.9597 0.9581 0.9549 0.959 0.9607 0.9576 0.9569 0.9571 0.9558 0.9568 0.9605 0.9599 0.9534 0.9576 0.9624 0.9578 0.9562 0.9608 0.9599 0.9578 0.9579 0.9607 0.9618 0.9621 0.9613 0.9619 0.9633 0.9634 0.9651 0.9646 0.9638 0.9638 0.9643 0.9642 0.9635 0.9648 0.9622 0.9651 0.9676 0.9658 0.9629 0.966 0.9672 0.9624 0.9626 
clear_trimmean_acc_worker
0 
clear_trimmean_acc_worker
0 
clear_trimmean_acc_worker
0 
clear_trimmean_acc_worker
0 
clear_trimmean_acc_worker
0 
clear_trimmean_acc_worker
0 0.0892 0.1028 0.1032 0.1032 0.1009 0.1009 0.1009 0.1135 0.1135 0.1135 0.1135 0.1028 0.1028 0.1028 0.1028 0.1028 0.1214 0.101 0.101 0.1156 0.1999 0.1321 0.1273 0.1981 0.2025 0.2008 0.1729 0.1216 0.1148 0.1185 0.1384 0.164 0.1815 0.186 0.2001 0.2213 0.2594 0.2511 0.2509 0.2527 0.2548 0.2671 0.2848 0.2862 0.2904 0.2638 0.2674 0.2734 0.2794 0.2876 0.2941 0.3452 0.3349 0.3316 0.3333 0.3374 0.3403 0.3373 0.3364 0.3344 0.339 0.3554 0.37 0.3779 0.3637 0.3672 0.3689 0.3887 0.413 0.4283 0.439 0.4448 0.457 0.4788 0.5281 0.5292 0.518 0.5299 0.5561 0.5599 0.5683 0.5828 0.6047 0.6178 0.6249 0.6419 0.656 0.6626 0.675 0.6841 0.7017 0.7171 0.717 0.7257 0.7367 0.7447 0.754 0.7657 0.764 0.7779 0.7804 0.7865 0.7874 0.7939 0.8051 0.813 0.8148 0.8187 0.82 0.8169 0.8323 0.8348 0.8357 0.8384 0.8436 0.8477 0.8458 0.8493 0.8529 0.8605 0.8586 0.8656 0.8731 0.8707 0.8745 0.8762 0.8803 0.8861 0.8872 0.8915 0.8951 0.8965 0.8999 0.9 0.8983 0.9048 0.9083 0.91 0.9095 0.8944 0.9089 0.9147 0.9037 0.914 0.8997 0.9127 0.916 0.9068 0.9226 0.9213 0.9162 0.922 0.9273 0.9269 0.9279 0.9274 0.9282 0.9303 0.929 0.9277 0.9292 0.9313 0.9294 0.9305 0.9322 0.9347 0.933 0.9347 0.9344 0.9315 0.9341 0.9401 0.9417 0.939 0.9367 0.9401 0.9418 0.9427 0.9329 0.9406 0.9479 0.9411 0.9403 0.9426 0.9454 0.9462 0.9443 0.9456 0.9483 0.9496 0.9472 0.947 0.949 0.9483 0.9476 0.9497 0.947 0.9529 0.9469 0.9451 0.9529 0.9508 0.9444 0.9495 0.9533 0.951 0.9513 0.956 0.9533 0.9562 0.9574 0.9575 0.9574 0.9591 0.9596 0.9592 0.9587 0.958 0.959 0.9585 0.9589 0.9594 0.96 0.9591 0.96 0.9602 0.9615 0.9602 0.9603 0.9607 0.9615 0.9627 0.9623 0.9629 0.963 
clear_trimmean_acc_worker
0 
clear_trimmean_acc_worker
0 
clear_trimmean_acc_worker
0 
clear_trimmean_acc_worker
0 
clear_trimmean_acc_worker
0 0.1028 0.1028 0.101 0.101 0.101 0.101 0.0892 0.1028 0.1271 0.1033 0.1032 0.1032 0.1033 0.1032 0.0958 0.0958 0.0918 0.103 0.1495 0.1431 0.1135 0.1135 0.1145 0.1264 0.1563 0.1808 0.2323 0.2379 0.2338 0.2329 0.2357 0.2443 0.2462 0.2567 0.2089 0.2167 0.2422 0.2293 0.2385 0.2631 0.2685 0.2689 0.2528 0.2523 0.3017 0.2947 0.2878 0.2872 0.296 0.3094 0.3278 0.2835 0.2903 0.3236 0.3122 0.3107 0.3149 0.325 0.329 0.3351 0.3851 0.3856 0.3879 0.3956 0.4023 0.419 0.4039 0.4172 0.4513 0.4813 0.4945 0.5 0.4891 0.4769 0.4891 0.5121 0.5512 0.5486 0.5523 0.5603 0.5595 0.5676 0.5778 0.595 0.6051 0.618 0.6263 0.6205 0.6269 0.6483 0.6413 0.6523 0.6743 0.6732 0.6792 0.6945 0.7083 0.715 0.726 0.7293 0.7466 0.7535 0.7572 0.7633 0.7593 0.7699 0.7842 0.7901 0.7936 0.8009 0.8007 0.8125 0.7997 0.8091 0.8099 0.8209 0.8278 0.8216 0.827 0.8305 0.8427 0.8452 0.8388 0.8425 0.8485 0.8459 0.8613 0.8567 0.8511 0.865 0.8739 0.8748 0.8753 0.8751 0.876 0.8842 0.893 0.8926 0.893 0.8957 0.8986 0.8991 0.8991 0.8996 0.8991 0.9032 0.9046 0.9094 0.91 0.9124 0.9154 0.9148 0.9148 0.9156 0.9164 0.9147 0.918 0.9237 0.923 0.9228 0.9261 0.9275 0.9287 0.9304 0.932 0.9305 0.9326 0.9345 0.9327 0.935 0.935 0.933 0.9331 0.9331 0.9338 0.9381 0.9375 0.9361 0.9405 0.9405 0.9335 0.9422 0.9413 0.9369 0.9423 0.9466 0.9439 0.9428 0.9435 0.9383 0.9374 0.9459 0.938 0.9362 0.9492 0.9372 0.9324 0.9398 0.9462 0.9436 0.9437 0.9484 0.9474 0.946 0.9491 0.9502 0.9466 0.9492 0.9528 0.949 0.9437 0.9467 0.9485 0.951 0.9482 0.9475 0.9527 0.9533 0.9528 0.9485 0.9513 0.9549 0.9522 0.9538 0.9553 0.9556 0.9531 0.9519 0.9547 0.9547 0.9546 0.9566 0.9581 0.9575 0.9589 
clear_trimmean_acc_worker
0 
clear_trimmean_acc_worker
0 
clear_trimmean_acc_worker
0 
clear_trimmean_acc_worker
0 0.1032 0.1032 0.1028 0.0982 0.0982 0.0982 0.0982 0.0975 0.0958 0.0958 0.0965 0.098 0.098 0.098 0.0989 0.1028 0.1028 0.1029 0.1991 0.1175 0.1137 0.1146 0.1202 0.1272 0.1346 0.1856 0.1797 0.1851 0.1959 0.2227 0.2173 0.2139 0.2112 0.2035 0.2043 0.2055 0.2083 0.2294 0.2428 0.2157 0.2246 0.2309 0.2411 0.243 0.2466 0.3092 0.3036 0.3043 0.3053 0.3124 0.2786 0.278 0.2824 0.286 0.2904 0.2917 0.2965 0.3239 0.322 0.3591 0.362 0.3685 0.3716 0.3739 0.3747 0.3869 0.4095 0.4244 0.4367 0.4463 0.4849 0.4917 0.495 0.5077 0.528 0.5558 0.5586 0.5516 0.5486 0.5565 0.5731 0.5892 0.5959 0.6086 0.621 0.6164 0.6264 0.6486 0.6639 0.6704 0.6752 0.6916 0.6916 0.6944 0.705 0.7184 0.7219 0.7354 0.7357 0.745 0.7541 0.7671 0.771 0.7763 0.7886 0.7978 0.8022 0.8031 0.8027 0.8018 0.8179 0.823 0.8242 0.832 0.8332 0.8364 0.8397 0.8407 0.8436 0.848 0.8439 0.8637 0.8641 0.8637 0.8558 0.8677 0.8771 0.8638 0.8777 0.8789 0.8715 0.878 0.8833 0.8813 0.8818 0.8907 0.8879 0.8752 0.8935 0.8949 0.8768 0.8867 0.8999 0.8974 0.8932 0.9 0.9044 0.9016 0.9 0.9072 0.9156 0.9124 0.9086 0.9118 0.9162 0.9165 0.9169 0.9195 0.9202 0.918 0.9171 0.9205 0.9243 0.9205 0.9215 0.9232 0.927 0.9262 0.9244 0.9296 0.9312 0.9305 0.9325 0.9328 0.9343 0.9352 0.9336 0.9354 0.9355 0.9344 0.938 0.9381 0.9368 0.9329 0.9375 0.9417 0.9366 0.9377 0.9438 0.9401 0.9376 0.9379 0.9409 0.9447 0.9399 0.9364 0.9405 0.9437 0.9441 0.9447 0.9471 0.9473 0.9457 0.9477 0.9474 0.9484 0.9477 0.9469 0.9474 0.9506 0.9522 0.9523 0.9506 0.9508 0.9515 0.9513 0.9533 0.9533 0.9531 0.9507 0.9505 0.9505 0.9509 0.9485 0.9491 0.951 0.9522 0.953 0.9539 0.9562 0.9553 0.9523 0.9496 0.9466 0.9492 
clear_trimmean_acc_worker
0 
clear_trimmean_acc_worker
0 
clear_trimmean_acc_worker
0 0.0892 0.1028 0.098 0.101 0.101 0.1135 0.1135 0.0982 0.0982 0.0982 0.0892 0.0892 0.0892 0.0892 0.1032 0.0958 0.0958 0.1943 0.1135 0.1135 0.1135 0.1138 0.1591 0.182 0.1913 0.1962 0.2112 0.2141 0.2429 0.2538 0.2496 0.2471 0.2361 0.2302 0.2299 0.2283 0.2325 0.238 0.2529 0.2389 0.2408 0.2463 0.2496 0.2526 0.255 0.2588 0.2627 0.274 0.2812 0.2848 0.3334 0.3169 0.3172 0.3381 0.3454 0.3467 0.3534 0.3701 0.373 0.3521 0.3333 0.3628 0.3814 0.3795 0.3697 0.3651 0.369 0.3731 0.386 0.3907 0.3968 0.4339 0.4674 0.4431 0.4495 0.4569 0.4507 0.4527 0.4673 0.4765 0.483 0.4952 0.5077 0.5139 0.5463 0.5654 0.5836 0.5857 0.5892 0.6048 0.6055 0.604 0.6102 0.6169 0.6132 0.6326 0.6554 0.6586 0.6569 0.6579 0.659 0.6724 0.6969 0.7121 0.7078 0.7197 0.7262 0.7096 0.7072 0.7369 0.7464 0.7371 0.7262 0.751 0.7491 0.7422 0.7525 0.7681 0.7891 0.7881 0.7902 0.7983 0.7881 0.7807 0.7957 0.8096 0.8085 0.8135 0.8238 0.8282 0.8281 0.8289 0.8342 0.8347 0.8309 0.8279 0.8408 0.8526 0.8604 0.8566 0.8492 0.8521 0.8622 0.8663 0.8714 0.8724 0.8728 0.8741 0.8802 0.8849 0.8817 0.8813 0.883 0.8877 0.8906 0.893 0.8941 0.8976 0.9002 0.9029 0.9053 0.908 0.9101 0.9077 0.9083 0.9117 0.9118 0.911 0.912 0.9128 0.9144 0.9158 0.9198 0.9211 0.9209 0.9195 0.9173 0.9142 0.9166 0.9245 0.9238 0.922 0.9215 0.9235 0.9257 0.9272 0.9292 0.9302 0.9288 0.9278 0.928 0.928 0.9283 0.9344 0.9364 0.9315 0.9293 0.9337 0.9307 0.9141 0.9157 0.9337 0.935 0.9302 0.9324 0.9365 0.9395 0.94 0.9409 0.9397 0.939 0.9391 0.9395 0.9391 0.9386 0.9376 0.9405 0.9428 0.9453 0.943 0.9426 0.9408 0.9436 0.9415 0.9419 0.9464 0.947 0.9446 0.9432 0.9445 0.9456 0.9469 0.947 0.9466 0.947 
clear_trimmean_acc_worker
0 
clear_trimmean_acc_worker
0 0.098 0.098 0.098 0.098 0.098 0.098 0.098 0.098 0.098 0.098 0.098 0.098 0.098 0.098 0.098 0.098 0.098 0.098 0.098 0.098 0.098 0.098 0.098 0.098 0.098 0.098 0.098 0.098 0.098 0.098 0.098 0.098 0.098 0.098 0.098 0.098 0.098 0.098 0.098 0.098 0.098 0.098 0.098 0.098 0.098 0.098 0.098 0.098 0.098 0.098 0.098 0.098 0.098 0.098 0.098 0.098 0.098 0.098 0.098 0.098 0.098 0.098 0.098 0.098 0.098 0.098 0.098 0.098 0.098 0.098 0.098 0.098 0.098 0.098 0.098 0.098 0.098 0.098 0.098 0.098 0.098 0.098 0.098 0.098 0.098 0.098 0.098 0.098 0.098 0.098 0.098 0.098 0.098 0.098 0.098 0.098 0.098 0.098 0.098 0.098 0.098 0.098 0.098 0.098 0.098 0.098 0.098 0.098 0.098 0.098 0.098 0.098 0.098 0.098 0.098 0.098 0.098 0.098 0.098 0.098 0.098 0.098 0.098 0.098 0.098 0.098 0.098 0.098 0.098 0.098 0.098 0.098 0.098 0.098 0.098 0.098 0.098 0.098 0.098 0.098 0.098 0.098 0.098 0.098 0.098 0.098 0.098 0.098 0.098 0.098 0.098 0.098 0.098 0.098 0.098 0.098 0.098 0.098 0.098 0.098 0.098 0.098 0.098 0.098 0.098 0.098 0.098 0.098 0.098 0.098 0.098 0.098 0.098 0.098 0.098 0.098 0.098 0.098 0.098 0.098 0.098 0.098 0.098 0.098 0.098 0.098 0.098 0.098 0.098 0.098 0.098 0.098 0.098 0.098 0.098 0.098 0.098 0.098 0.098 0.098 0.098 0.098 0.098 0.098 0.098 0.098 0.098 0.098 0.098 0.098 0.098 0.098 0.098 0.098 0.098 0.098 0.098 0.098 0.098 0.098 0.098 0.098 0.098 0.098 0.098 0.098 0.098 0.098 0.098 0.098 0.098 0.098 0.098 0.098 0.098 
clear_trimmean_acc_worker
0 0.098 0.098 0.098 0.098 0.098 0.098 0.098 0.098 0.098 0.098 0.098 0.098 0.098 0.098 0.098 0.098 0.098 0.098 0.098 0.098 0.098 0.098 0.098 0.098 0.098 0.098 0.098 0.098 0.098 0.098 0.098 0.098 0.098 0.098 0.098 0.098 0.098 0.098 0.098 0.098 0.098 0.098 0.098 0.098 0.098 0.098 0.098 0.098 0.098 0.098 0.098 0.098 0.098 0.098 0.098 0.098 0.098 0.098 0.098 0.098 0.098 0.098 0.098 0.098 0.098 0.098 0.098 0.098 0.098 0.098 0.098 0.098 0.098 0.098 0.098 0.098 0.098 0.098 0.098 0.098 0.098 0.098 0.098 0.098 0.098 0.098 0.098 0.098 0.098 0.098 0.098 0.098 0.098 0.098 0.098 0.098 0.098 0.098 0.098 0.098 0.098 0.098 0.098 0.098 0.098 0.098 0.098 0.098 0.098 0.098 0.098 0.098 0.098 0.098 0.098 0.098 0.098 0.098 0.098 0.098 0.098 0.098 0.098 0.098 0.098 0.098 0.098 0.098 0.098 0.098 0.098 0.098 0.098 0.098 0.098 0.098 0.098 0.098 0.098 0.098 0.098 0.098 0.098 0.098 0.098 0.098 0.098 0.098 0.098 0.098 0.098 0.098 0.098 0.098 0.098 0.098 0.098 0.098 0.098 0.098 0.098 0.098 0.098 0.098 0.098 0.098 0.098 0.098 0.098 0.098 0.098 0.098 0.098 0.098 0.098 0.098 0.098 0.098 0.098 0.098 0.098 0.098 0.098 0.098 0.098 0.098 0.098 0.098 0.098 0.098 0.098 0.098 0.098 0.098 0.098 0.098 0.098 0.098 0.098 0.098 0.098 0.098 0.098 0.098 0.098 0.098 0.098 0.098 0.098 0.098 0.098 0.098 0.098 0.098 0.098 0.098 0.098 0.098 0.098 0.098 0.098 0.098 0.098 0.098 0.098 0.098 0.098 0.098 0.098 0.098 0.098 0.098 0.098 0.098 0.098 
