clear_signSGD_acc_worker_mnist
0 
clear_signSGD_acc_worker_mnist
0 
clear_signSGD_acc_worker_mnist
0 
clear_signSGD_acc_worker_mnist
0 
clear_signSGD_acc_worker_mnist
0 
clear_signSGD_acc_worker_mnist
0 
clear_signSGD_acc_worker_mnist
0 
clear_signSGD_acc_worker_mnist
0 
clear_signSGD_acc_worker_mnist
0 
clear_signSGD_acc_worker_mnist
0 0.1135 0.1028 0.1028 0.1028 0.1028 0.0974 0.0982 0.0982 0.101 0.101 0.0958 0.0958 0.0958 0.0958 0.0958 0.0958 0.0958 0.0958 0.0958 0.0958 0.0958 0.0958 0.0958 0.0958 0.1135 0.1135 0.1135 0.1135 0.1135 0.1135 0.1135 0.1135 0.1135 0.1135 0.1135 0.1135 0.1135 0.1135 0.1135 0.1135 0.1135 0.1135 0.1135 0.1135 0.1135 0.1135 0.1135 0.1135 0.1135 0.1135 0.1135 0.1028 0.1028 0.1028 0.1028 0.1028 0.1028 0.1028 0.1028 0.1028 0.1028 0.1028 0.1028 0.1028 0.1028 0.101 0.101 0.101 0.101 0.101 0.101 0.101 0.101 0.101 0.101 0.101 0.101 0.101 0.101 0.101 0.101 0.101 0.101 0.101 0.101 0.101 0.1135 0.1135 0.1135 0.1135 0.1135 0.1135 0.1135 0.1135 0.1135 0.1135 0.1135 0.1135 0.1135 0.1135 0.1135 0.1135 0.1135 0.1135 0.1135 0.1135 0.1135 0.1135 0.1135 0.1135 0.1135 0.1135 0.1135 0.1135 0.1135 0.1135 0.1135 0.1135 0.1135 0.1135 0.1135 0.1135 0.1032 0.1032 0.1032 0.1032 0.1032 0.1032 0.1032 0.1032 0.1032 0.1032 0.1032 0.101 0.101 0.101 0.101 0.101 0.101 0.101 0.101 0.101 0.101 0.101 0.101 0.101 0.101 0.101 0.101 0.1135 0.1135 0.1135 0.1135 0.1135 0.1135 0.1135 0.1135 0.1135 0.1135 0.1135 0.1135 0.1135 0.1135 0.1135 0.1135 0.1135 0.1135 0.1135 0.1135 0.1135 0.1135 0.1135 0.1135 0.1135 0.1135 0.1135 0.1135 0.1135 0.1135 0.1135 0.1135 0.1135 0.1135 0.1135 0.1135 0.1135 0.1135 0.1135 0.1135 0.1135 0.1135 0.1135 0.1135 0.0982 0.0982 0.0982 0.0982 0.0982 0.0982 0.101 0.101 0.101 0.101 0.101 0.101 0.101 0.101 0.101 0.101 0.101 0.101 0.101 0.101 0.101 0.1135 0.1135 0.1135 0.1135 0.1135 0.1135 0.1135 0.1135 0.1135 0.1135 0.1135 0.1135 0.1135 0.1135 0.1135 0.1135 0.1135 0.1135 0.1135 0.1135 0.1135 
clear_signSGD_acc_worker_mnist
0 
clear_signSGD_acc_worker_mnist
0 
clear_signSGD_acc_worker_mnist
0 
clear_signSGD_acc_worker_mnist
0 
clear_signSGD_acc_worker_mnist
0 
clear_signSGD_acc_worker_mnist
0 
clear_signSGD_acc_worker_mnist
0 
clear_signSGD_acc_worker_mnist
0 
clear_signSGD_acc_worker_mnist
0 
clear_signSGD_acc_worker_mnist
0 0.1032 0.098 0.098 0.098 0.1135 0.1135 0.1135 0.0974 0.0974 0.0974 0.1019 0.1009 0.1009 0.1009 0.1009 0.1032 0.1032 0.1032 0.1032 0.1032 0.1032 0.1032 0.0892 0.0892 0.0892 0.0892 0.0892 0.0892 0.0892 0.0892 0.0892 0.0892 0.1028 0.1028 0.1028 0.1028 0.1028 0.1028 0.1028 0.1028 0.1028 0.1028 0.1028 0.1028 0.1028 0.1028 0.1028 0.1028 0.1028 0.1135 0.1135 0.1135 0.1135 0.1135 0.1135 0.1135 0.1135 0.1135 0.1135 0.1135 0.1135 0.1135 0.1135 0.1135 0.1135 0.1135 0.1135 0.1135 0.1135 0.1135 0.1135 0.1135 0.1135 0.1135 0.1135 0.1135 0.1135 0.1135 0.1135 0.1135 0.1135 0.1135 0.1135 0.1032 0.1032 0.1032 0.1032 0.1032 0.1032 0.1032 0.1032 0.1032 0.1032 0.1032 0.1028 0.1028 0.1028 0.1028 0.1028 0.1028 0.1028 0.1028 0.1028 0.1028 0.1028 0.1028 0.101 0.101 0.1135 0.1135 0.1135 0.1135 0.1135 0.1135 0.1135 0.1135 0.1135 0.1135 0.1135 0.1135 0.1135 0.1135 0.1135 0.1135 0.1135 0.1135 0.1135 0.1135 0.1135 0.1135 0.1135 0.1135 0.1135 0.1135 0.1135 0.1135 0.1135 0.1135 0.1135 0.1135 0.1135 0.0974 0.0974 0.0974 0.0974 0.0974 0.0974 0.0974 0.0974 0.0974 0.1135 0.1135 0.1135 0.1135 0.1135 0.1135 0.1135 0.1135 0.1135 0.1135 0.1135 0.1135 0.1135 0.1135 0.1135 0.1135 0.1135 0.1135 0.1135 0.1135 0.1135 0.1135 0.1135 0.1135 0.1135 0.1135 0.1135 0.1135 0.1135 0.1135 0.1135 0.1135 0.1135 0.1028 0.1028 0.1028 0.1028 0.1028 0.1028 0.1028 0.1028 0.1028 0.1028 0.1028 0.1028 0.1028 0.1028 0.0958 0.0958 0.0958 0.0958 0.0958 0.0958 0.0958 0.0958 0.0958 0.1135 0.1135 0.1135 0.1135 0.1135 0.1135 0.1135 0.1135 0.1135 0.1135 0.1135 0.1135 0.1135 0.1135 0.1135 0.1135 0.1135 0.1135 0.1135 0.1135 0.1135 0.1135 0.1135 0.1135 0.1135 0.1135 0.1135 0.1135 0.1135 
clear_signSGD_acc_worker_mnist
0 
clear_signSGD_acc_worker_mnist
0 
clear_signSGD_acc_worker_mnist
0 
clear_signSGD_acc_worker_mnist
0 
clear_signSGD_acc_worker_mnist
0 
clear_signSGD_acc_worker_mnist
0 
clear_signSGD_acc_worker_mnist
0 
clear_signSGD_acc_worker_mnist
0 
clear_signSGD_acc_worker_mnist
0 0.0892 0.1028 0.1028 0.1028 0.1028 0.0974 0.0974 0.0982 0.0982 0.1009 0.1009 0.0958 0.0958 0.0958 0.0958 0.0958 0.0958 0.0958 0.0958 0.0958 0.0958 0.0958 0.0958 0.0958 0.1032 0.1032 0.1032 0.1032 0.1135 0.1135 0.1135 0.1135 0.1135 0.1135 0.1135 0.1135 0.1135 0.1135 0.1135 0.1135 0.1135 0.1135 0.1135 0.1135 0.1135 0.1135 0.1135 0.1135 0.1135 0.1135 0.1135 0.1135 0.1135 0.1135 0.1135 0.1135 0.1135 0.1135 0.1135 0.1135 0.1028 0.1028 0.1028 0.1028 0.1028 0.1028 0.1028 0.1028 0.1028 0.101 0.101 0.1009 0.1009 0.1009 0.1009 0.1009 0.1009 0.1009 0.1009 0.1009 0.1009 0.1009 0.1009 0.1009 0.0958 0.0958 0.1135 0.1135 0.1135 0.1135 0.1135 0.1135 0.1135 0.1135 0.1135 0.1135 0.1135 0.1135 0.1135 0.1135 0.1135 0.1135 0.1135 0.1135 0.1135 0.1135 0.1135 0.1135 0.1135 0.1135 0.1135 0.1135 0.1135 0.1135 0.1135 0.1135 0.1135 0.1135 0.1135 0.1135 0.1054 0.1028 0.1028 0.1028 0.1028 0.1028 0.1028 0.1028 0.1028 0.1028 0.099 0.1026 0.1037 0.1097 0.1134 0.1135 0.1135 0.1135 0.1135 0.1135 0.1135 0.1135 0.1135 0.1135 0.1135 0.1135 0.1135 0.1135 0.1135 0.1135 0.1135 0.1135 0.1135 0.1135 0.1135 0.1135 0.1135 0.1135 0.1135 0.1135 0.1135 0.1135 0.1135 0.1135 0.1135 0.1135 0.1135 0.1135 0.1135 0.1135 0.1135 0.1135 0.1135 0.1135 0.1943 0.1945 0.1949 0.1954 0.196 0.1963 0.1965 0.1972 0.1993 0.1804 0.1806 0.1924 0.1932 0.1925 0.1923 0.1921 0.1924 0.1925 0.1925 0.1927 0.193 0.1931 0.1932 0.1937 0.1972 0.1973 0.1979 0.1982 0.1979 0.1985 0.1988 0.1987 0.1989 0.1963 0.1958 0.1962 0.1963 0.1968 0.1977 0.1983 0.1987 0.1994 0.1996 0.2006 0.2008 0.2011 0.2017 0.2023 0.2031 0.2032 0.2041 0.2047 0.2056 0.2058 0.2057 0.2058 0.2058 0.2058 0.2056 0.2055 0.2053 
clear_signSGD_acc_worker_mnist
0 
clear_signSGD_acc_worker_mnist
0 
clear_signSGD_acc_worker_mnist
0 
clear_signSGD_acc_worker_mnist
0 
clear_signSGD_acc_worker_mnist
0 
clear_signSGD_acc_worker_mnist
0 
clear_signSGD_acc_worker_mnist
0 
clear_signSGD_acc_worker_mnist
0 0.1028 0.1028 0.1028 0.101 0.1135 0.1135 0.1135 0.1135 0.1135 0.1135 0.1135 0.1135 0.0958 0.0958 0.0958 0.0958 0.0958 0.0958 0.0958 0.0958 0.0958 0.0958 0.0958 0.0958 0.0958 0.0958 0.0958 0.0958 0.0958 0.0958 0.0958 0.0958 0.0958 0.0958 0.0958 0.0958 0.0958 0.0958 0.0958 0.0958 0.0958 0.1135 0.1135 0.1135 0.1135 0.1135 0.1135 0.1135 0.1135 0.1135 0.1135 0.1135 0.1135 0.1135 0.1135 0.1135 0.1134 0.1133 0.1132 0.113 0.113 0.113 0.1131 0.1132 0.1133 0.1134 0.1135 0.1135 0.1135 0.1135 0.1135 0.1135 0.1135 0.1135 0.1135 0.1135 0.1135 0.1135 0.1135 0.1135 0.1032 0.1032 0.1028 0.1028 0.1028 0.1028 0.1028 0.1028 0.1028 0.1028 0.1028 0.1028 0.1028 0.1028 0.1028 0.1028 0.1028 0.1028 0.1028 0.1028 0.1028 0.1028 0.1028 0.1028 0.1135 0.1135 0.1135 0.1135 0.1135 0.1135 0.1135 0.1135 0.1135 0.1135 0.1135 0.1135 0.1135 0.1135 0.1135 0.1135 0.1135 0.1135 0.1135 0.1135 0.1135 0.1135 0.1135 0.1135 0.1135 0.1135 0.1135 0.1135 0.1135 0.1135 0.1135 0.1135 0.1135 0.1135 0.1135 0.1135 0.1135 0.1135 0.1135 0.1135 0.1032 0.1032 0.1032 0.1028 0.1028 0.1028 0.1028 0.1028 0.1028 0.1028 0.1028 0.1028 0.1028 0.1028 0.1028 0.1028 0.1135 0.1135 0.1135 0.1135 0.1135 0.1135 0.1135 0.1135 0.1135 0.1135 0.1135 0.1135 0.1135 0.1135 0.1135 0.1135 0.1135 0.1135 0.1135 0.1135 0.1135 0.1135 0.1135 0.1135 0.1135 0.1135 0.1135 0.1135 0.1135 0.1135 0.1135 0.1135 0.1135 0.1135 0.1135 0.1135 0.1135 0.1135 0.1135 0.1135 0.1135 0.0958 0.0958 0.0958 0.1032 0.1032 0.1032 0.1032 0.1032 0.1032 0.1032 0.1032 0.1032 0.1032 0.1032 0.1032 0.1032 0.1032 0.1032 0.1032 0.1032 0.1032 0.1032 0.1032 0.1135 0.1135 0.1135 0.1135 0.1135 0.1135 0.1135 0.1135 0.1135 0.1135 0.1135 
clear_signSGD_acc_worker_mnist
0 
clear_signSGD_acc_worker_mnist
0 
clear_signSGD_acc_worker_mnist
0 
clear_signSGD_acc_worker_mnist
0 
clear_signSGD_acc_worker_mnist
0 
clear_signSGD_acc_worker_mnist
0 
clear_signSGD_acc_worker_mnist
0 0.1135 0.1028 0.1028 0.1028 0.1032 0.1032 0.1032 0.1032 0.1032 0.1032 0.1032 0.1032 0.1032 0.0892 0.0892 0.0892 0.0892 0.0892 0.101 0.101 0.101 0.101 0.101 0.101 0.101 0.101 0.101 0.101 0.1135 0.1135 0.1135 0.1135 0.1135 0.1135 0.1135 0.1135 0.1135 0.1135 0.1135 0.1135 0.1135 0.1135 0.1135 0.1135 0.1135 0.1135 0.1135 0.1135 0.1135 0.1028 0.1028 0.1028 0.1028 0.1028 0.1028 0.1028 0.1028 0.1009 0.1009 0.1009 0.1009 0.1009 0.1009 0.1009 0.1009 0.0974 0.0974 0.0974 0.0974 0.0974 0.0974 0.0974 0.0958 0.0958 0.0958 0.1135 0.1135 0.1135 0.1135 0.1135 0.1135 0.1135 0.1135 0.1135 0.1135 0.1135 0.1135 0.1135 0.1135 0.1135 0.1135 0.1135 0.1135 0.1135 0.1135 0.1135 0.1135 0.1135 0.1135 0.1135 0.1135 0.1135 0.1135 0.1135 0.1135 0.1135 0.1135 0.1135 0.1135 0.1135 0.1135 0.1135 0.1135 0.1135 0.1135 0.1135 0.1135 0.1135 0.1135 0.1032 0.1032 0.1032 0.1032 0.1032 0.1032 0.1032 0.1032 0.1009 0.1009 0.1009 0.1009 0.1009 0.1135 0.1135 0.1135 0.1135 0.1135 0.1135 0.1135 0.1135 0.1135 0.1135 0.1135 0.1135 0.1135 0.1135 0.1135 0.1135 0.1135 0.1135 0.1135 0.1135 0.1135 0.1135 0.1135 0.1135 0.1135 0.101 0.101 0.101 0.101 0.101 0.101 0.101 0.101 0.101 0.101 0.101 0.101 0.101 0.1028 0.1028 0.1028 0.1028 0.1028 0.1135 0.1135 0.1135 0.1135 0.1135 0.1135 0.1135 0.1135 0.1135 0.1135 0.1135 0.1135 0.1135 0.1135 0.1135 0.1135 0.1135 0.1135 0.1135 0.1135 0.1135 0.1135 0.1135 0.1135 0.1135 0.1135 0.1135 0.1135 0.1135 0.1135 0.1135 0.1135 0.1135 0.0958 0.0958 0.0958 0.0958 0.0974 0.0974 0.0974 0.0974 0.0974 0.0974 0.0974 0.0974 0.0974 0.0974 0.0974 0.1028 0.1028 0.1028 0.1028 0.1028 0.1028 0.1028 0.1028 0.1028 0.1028 0.1028 0.1028 
