clear_krum_acc_worker_mnist
0 
clear_krum_acc_worker_mnist
0 
clear_krum_acc_worker_mnist
0 
clear_krum_acc_worker_mnist
0 
clear_krum_acc_worker_mnist
0 
clear_krum_acc_worker_mnist
0 
clear_krum_acc_worker_mnist
0 
clear_krum_acc_worker_mnist
0 
clear_krum_acc_worker_mnist
0 
clear_krum_acc_worker_mnist
0 0.1135 0.098 0.1028 0.1032 0.1032 0.1032 0.0958 0.0958 0.0958 0.0481 0.1135 0.1135 0.1135 0.1512 0.1928 0.1996 0.1135 0.1135 0.1135 0.1791 0.1546 0.1312 0.1177 0.1155 0.1153 0.1139 0.1344 0.1541 0.1748 0.1882 0.1949 0.2006 0.2099 0.222 0.2313 0.2365 0.2533 0.2487 0.2496 0.2502 0.2516 0.2604 0.2776 0.3084 0.2975 0.3036 0.3057 0.307 0.3094 0.3175 0.3135 0.3366 0.3382 0.344 0.351 0.3456 0.3447 0.3512 0.3694 0.3841 0.3819 0.3837 0.3922 0.4112 0.445 0.4224 0.4277 0.4327 0.445 0.4649 0.4752 0.5115 0.5301 0.545 0.5628 0.5674 0.5683 0.5749 0.5908 0.607 0.6265 0.6461 0.6495 0.6677 0.6829 0.6905 0.6999 0.7158 0.7241 0.7368 0.7443 0.7443 0.7548 0.761 0.7688 0.7799 0.7845 0.7873 0.7954 0.7963 0.7902 0.7955 0.8102 0.8165 0.8262 0.8358 0.8359 0.8423 0.8533 0.853 0.8566 0.8582 0.8592 0.8624 0.8728 0.8704 0.8755 0.8793 0.885 0.8838 0.8885 0.8875 0.8936 0.8908 0.9005 0.9039 0.9043 0.9078 0.9097 0.9119 0.9151 0.9138 0.9164 0.9189 0.9215 0.9241 0.9266 0.9243 0.9248 0.9286 0.9302 0.9284 0.9305 0.9337 0.9325 0.9294 0.9339 0.9352 0.9339 0.9378 0.9374 0.9368 0.9359 0.9405 0.9404 0.9367 0.938 0.9435 0.9459 0.9463 0.9463 0.9479 0.9483 0.9485 0.9483 0.9451 0.947 0.9473 0.9465 0.9507 0.9527 0.9504 0.9535 0.9521 0.9487 0.9541 0.9515 0.9507 0.9533 0.9486 0.944 0.953 0.9529 0.947 0.9558 0.9543 0.9487 0.9553 0.9566 0.957 0.9561 0.9589 0.9598 0.9585 0.9587 0.9613 0.9603 0.9609 0.9624 0.9643 0.965 0.9646 0.9626 0.9619 0.9621 0.9641 0.9613 0.9613 0.9653 0.9666 0.9609 0.9605 0.9644 0.9656 0.9641 0.9631 0.9642 0.9665 0.9634 0.9643 0.9678 0.9663 0.9662 0.9665 0.9658 0.9658 0.9667 0.9679 0.9686 0.9699 0.9694 0.968 0.9694 0.9703 0.9701 
clear_krum_acc_worker_mnist
0 
clear_krum_acc_worker_mnist
0 
clear_krum_acc_worker_mnist
0 
clear_krum_acc_worker_mnist
0 
clear_krum_acc_worker_mnist
0 
clear_krum_acc_worker_mnist
0 
clear_krum_acc_worker_mnist
0 
clear_krum_acc_worker_mnist
0 
clear_krum_acc_worker_mnist
0 
clear_krum_acc_worker_mnist
0 0.1135 0.1028 0.1028 0.0974 0.0974 0.101 0.1032 0.1135 0.1135 0.1135 0.098 0.098 0.1028 0.1028 0.1028 0.1028 0.1028 0.1625 0.1135 0.1135 0.1135 0.1135 0.1135 0.1135 0.1135 0.1135 0.1137 0.1309 0.1614 0.1803 0.1943 0.1756 0.1814 0.1879 0.1915 0.1958 0.2392 0.2377 0.2836 0.2576 0.2471 0.2394 0.2371 0.2454 0.2513 0.2667 0.2803 0.2989 0.2495 0.2733 0.2826 0.3119 0.3094 0.3054 0.3046 0.3143 0.3173 0.3211 0.3221 0.324 0.3289 0.3324 0.329 0.3339 0.3442 0.3564 0.3717 0.3794 0.3416 0.3438 0.3588 0.3846 0.4102 0.4146 0.4222 0.4249 0.4707 0.4803 0.4662 0.4578 0.4658 0.4742 0.5004 0.5376 0.5738 0.5869 0.5855 0.5787 0.5848 0.5934 0.6042 0.6247 0.6453 0.6585 0.662 0.6612 0.6764 0.6858 0.6853 0.6852 0.6891 0.7054 0.7378 0.7549 0.7547 0.7601 0.7758 0.787 0.7919 0.7921 0.8003 0.8091 0.8136 0.8199 0.8258 0.8343 0.8406 0.8279 0.8468 0.8431 0.859 0.8571 0.8512 0.8706 0.8692 0.8645 0.879 0.8767 0.881 0.8902 0.8877 0.8941 0.9001 0.8984 0.8998 0.9068 0.9059 0.9098 0.9086 0.9036 0.9141 0.9138 0.91 0.9146 0.9198 0.9225 0.9245 0.9285 0.9314 0.9344 0.9317 0.9321 0.9351 0.9353 0.9314 0.9351 0.9389 0.9382 0.9398 0.9414 0.9429 0.9455 0.9456 0.9433 0.9437 0.9449 0.9443 0.9492 0.9485 0.9508 0.9537 0.9512 0.9526 0.9524 0.9512 0.9543 0.9537 0.9528 0.954 0.9546 0.9541 0.9539 0.9562 0.9578 0.9588 0.9578 0.9595 0.9603 0.9597 0.9601 0.9597 0.959 0.956 0.9564 0.9576 0.9595 0.962 0.9627 0.9635 0.9649 0.9663 0.9649 0.9645 0.9645 0.965 0.964 0.9629 0.9626 0.9655 0.9663 0.9667 0.9659 0.9664 0.9633 0.962 0.966 0.9648 0.9598 0.9662 0.9657 0.9596 0.9579 0.9654 0.9645 0.9607 0.9639 0.9665 0.9641 0.9654 0.9687 0.9715 0.9706 0.9688 0.9696 0.9713 
clear_krum_acc_worker_mnist
0 
clear_krum_acc_worker_mnist
0 
clear_krum_acc_worker_mnist
0 
clear_krum_acc_worker_mnist
0 
clear_krum_acc_worker_mnist
0 
clear_krum_acc_worker_mnist
0 
clear_krum_acc_worker_mnist
0 
clear_krum_acc_worker_mnist
0 
clear_krum_acc_worker_mnist
0 
clear_krum_acc_worker_mnist
0 0.1032 0.1028 0.101 0.0982 0.0982 0.0982 0.0958 0.0958 0.1032 0.098 0.1028 0.1028 0.1135 0.1135 0.1135 0.1135 0.1135 0.1135 0.1135 0.1135 0.1326 0.1519 0.1425 0.1643 0.181 0.1918 0.208 0.2159 0.2167 0.2395 0.2679 0.2661 0.2629 0.2556 0.2533 0.257 0.2624 0.2752 0.2864 0.3054 0.259 0.3137 0.2956 0.3067 0.3119 0.3165 0.3182 0.3145 0.315 0.3146 0.3135 0.3118 0.3161 0.3306 0.3411 0.338 0.3384 0.3516 0.3683 0.3728 0.3721 0.3711 0.3752 0.4008 0.4169 0.4318 0.4468 0.4616 0.4735 0.4752 0.4929 0.5046 0.5003 0.5068 0.5199 0.5376 0.5571 0.5825 0.5862 0.5882 0.592 0.6021 0.6189 0.6287 0.6306 0.6381 0.65 0.6732 0.6895 0.6952 0.7004 0.711 0.7259 0.7417 0.7515 0.7558 0.7698 0.7788 0.7815 0.7901 0.7954 0.8045 0.8077 0.812 0.8232 0.8275 0.8311 0.8321 0.835 0.8401 0.8465 0.8499 0.8596 0.8548 0.8629 0.8721 0.876 0.8788 0.8783 0.8825 0.8881 0.8959 0.9009 0.9025 0.9034 0.9052 0.9102 0.9073 0.9078 0.9051 0.9141 0.9126 0.9158 0.9208 0.9155 0.9207 0.9205 0.9216 0.9249 0.9194 0.9276 0.9293 0.9303 0.9321 0.9351 0.9269 0.9314 0.9363 0.9362 0.9396 0.9407 0.9366 0.9392 0.9421 0.9425 0.9418 0.9432 0.9414 0.9429 0.9465 0.946 0.9479 0.948 0.9465 0.9471 0.9495 0.9488 0.9498 0.9518 0.954 0.9548 0.955 0.9542 0.9547 0.9582 0.9582 0.9575 0.9545 0.9577 0.9557 0.9572 0.9576 0.9547 0.9564 0.9581 0.9572 0.9565 0.9596 0.9601 0.9607 0.9604 0.9612 0.9584 0.953 0.9552 0.9596 0.9605 0.9587 0.9588 0.9601 0.9583 0.9599 0.9621 0.9641 0.9628 0.962 0.9634 0.9653 0.9643 0.9633 0.9617 0.9655 0.9674 0.9657 0.9663 0.9676 0.9683 0.9682 0.9684 0.9681 0.9672 0.9675 0.9674 0.9669 0.9676 0.9686 0.969 0.9682 0.9696 0.9687 0.9688 0.9684 0.9698 0.9706 0.9713 
clear_krum_acc_worker_mnist
0 
clear_krum_acc_worker_mnist
0 
clear_krum_acc_worker_mnist
0 
clear_krum_acc_worker_mnist
0 
clear_krum_acc_worker_mnist
0 
clear_krum_acc_worker_mnist
0 
clear_krum_acc_worker_mnist
0 
clear_krum_acc_worker_mnist
0 
clear_krum_acc_worker_mnist
0 
clear_krum_acc_worker_mnist
0 0.1135 0.1135 0.1028 0.1028 0.1135 0.1135 0.1135 0.0958 0.0958 0.0958 0.0958 0.0958 0.0958 0.098 0.098 0.1135 0.1135 0.1135 0.1135 0.1135 0.1135 0.1135 0.1135 0.1009 0.1009 0.1009 0.0958 0.0958 0.0958 0.0958 0.098 0.098 0.1135 0.1135 0.1135 0.1135 0.101 0.101 0.101 0.101 0.101 0.1135 0.0892 0.1015 0.1032 0.1032 0.1032 0.1032 0.1135 0.1135 0.1135 0.1135 0.1135 0.1135 0.1135 0.1135 0.1135 0.1135 0.1041 0.1032 0.1032 0.1101 0.1028 0.1028 0.1028 0.1028 0.1028 0.1028 0.1028 0.1303 0.1135 0.1135 0.1135 0.1135 0.1135 0.1632 0.1253 0.1032 0.1032 0.1032 0.1135 0.1135 0.1135 0.1135 0.1135 0.1135 0.1135 0.1135 0.1373 0.1031 0.1159 0.1707 0.0982 0.099 0.1138 0.1135 0.1135 0.1135 0.1468 0.1356 0.1176 0.1135 0.1135 0.1135 0.1135 0.1135 0.1135 0.1964 0.1305 0.1077 0.1028 0.1028 0.1028 0.1766 0.1135 0.1149 0.1135 0.1135 0.1135 0.1135 0.1135 0.1135 0.1135 0.1147 0.202 0.1176 0.1028 0.1381 0.141 0.1367 0.1201 0.1207 0.1918 0.1044 0.1869 0.1518 0.1135 0.1135 0.1135 0.1196 0.1441 0.1439 0.1136 0.114 0.1457 0.1825 0.208 0.2009 0.2231 0.2492 0.2829 0.4016 0.232 0.1721 0.3336 0.3998 0.326 0.2833 0.1898 0.2048 0.1926 0.1367 0.1527 0.1543 0.1802 0.2187 0.256 0.3015 0.3384 0.2895 0.2796 0.2998 0.3348 0.3742 0.3508 0.3376 0.3324 0.3749 0.37 0.3854 0.4064 0.4184 0.4322 0.4663 0.4846 0.5015 0.5038 0.447 0.4226 0.4163 0.4307 0.4457 0.4861 0.5054 0.4975 0.4691 0.4715 0.4955 0.5194 0.5568 0.5741 0.5732 0.5607 0.5613 0.567 0.5718 0.5729 0.5816 0.5904 0.5967 0.608 0.6192 0.6311 0.6468 0.6594 0.6635 0.6576 0.6587 0.6615 0.6693 0.6786 0.6863 0.6866 0.681 0.6803 0.6912 0.6968 0.7051 0.7158 0.7201 0.725 0.7274 0.723 0.7154 0.7143 
clear_krum_acc_worker_mnist
0 
clear_krum_acc_worker_mnist
0 
clear_krum_acc_worker_mnist
0 
clear_krum_acc_worker_mnist
0 
clear_krum_acc_worker_mnist
0 
clear_krum_acc_worker_mnist
0 
clear_krum_acc_worker_mnist
0 
clear_krum_acc_worker_mnist
0 
clear_krum_acc_worker_mnist
0 
clear_krum_acc_worker_mnist
0 0.1135 0.1135 0.1135 0.1028 0.1028 0.1028 0.1028 0.098 0.098 0.098 0.0958 0.0958 0.0958 0.0958 0.0958 0.1135 0.1135 0.1135 0.1135 0.1135 0.1135 0.1135 0.0974 0.0974 0.0974 0.0974 0.1135 0.1135 0.1135 0.1135 0.1135 0.1135 0.1135 0.1135 0.1135 0.1135 0.1135 0.1135 0.1135 0.1135 0.1925 0.1235 0.1163 0.0958 0.0958 0.0958 0.0958 0.0958 0.1009 0.1009 0.1009 0.1009 0.1009 0.1135 0.1135 0.1135 0.1135 0.1135 0.1135 0.1028 0.1028 0.125 0.101 0.1013 0.1054 0.0971 0.1149 0.1135 0.1135 0.1135 0.1135 0.1135 0.1135 0.1135 0.1135 0.1135 0.1135 0.1135 0.1148 0.101 0.101 0.101 0.101 0.101 0.101 0.0958 0.1135 0.1135 0.1135 0.1574 0.1032 0.1032 0.1738 0.1135 0.1135 0.1135 0.1135 0.1486 0.1187 0.1146 0.1135 0.1135 0.1135 0.1135 0.1135 0.118 0.1032 0.1059 0.1081 0.1028 0.1028 0.1028 0.1987 0.1246 0.1639 0.1945 0.1234 0.1135 0.1135 0.1135 0.1135 0.1135 0.1135 0.1135 0.1135 0.1135 0.1175 0.1937 0.1541 0.197 0.1028 0.1028 0.1028 0.1028 0.1028 0.1028 0.1554 0.0958 0.0958 0.0958 0.0958 0.1758 0.1141 0.1135 0.1135 0.1135 0.1135 0.1135 0.1396 0.1874 0.2143 0.1543 0.1095 0.1236 0.1728 0.1775 0.1889 0.1101 0.1504 0.2224 0.1834 0.1222 0.1429 0.1392 0.1151 0.1237 0.1244 0.1248 0.1347 0.1446 0.2493 0.138 0.1028 0.1028 0.1028 0.1028 0.1028 0.1302 0.2625 0.1411 0.1138 0.1135 0.1135 0.1135 0.1135 0.1139 0.1525 0.2061 0.1936 0.2434 0.2781 0.2977 0.206 0.1133 0.1028 0.1032 0.1324 0.2002 0.2223 0.1964 0.2037 0.1646 0.1761 0.2091 0.21 0.1896 0.1589 0.1505 0.1737 0.1958 0.2316 0.2716 0.312 0.3584 0.377 0.3596 0.351 0.3649 0.4057 0.3849 0.3017 0.2748 0.2916 0.364 0.4049 0.4182 0.3743 0.3328 0.3121 0.2992 0.2932 0.3597 0.3855 0.3951 0.3903 
clear_krum_acc_worker_mnist
0 
clear_krum_acc_worker_mnist
0 
clear_krum_acc_worker_mnist
0 
clear_krum_acc_worker_mnist
0 
clear_krum_acc_worker_mnist
0 
clear_krum_acc_worker_mnist
0 
clear_krum_acc_worker_mnist
0 
clear_krum_acc_worker_mnist
0 
clear_krum_acc_worker_mnist
0 
clear_krum_acc_worker_mnist
0 0.0958 0.1135 0.1135 0.1135 0.1135 0.1135 0.1135 0.1135 0.1135 0.1135 0.0982 0.0982 0.0982 0.0982 0.096 0.1009 0.1009 0.0974 0.1135 0.1135 0.1135 0.1135 0.1135 0.1135 0.1135 0.1135 0.1135 0.1135 0.1135 0.1135 0.1135 0.0982 0.101 0.101 0.101 0.101 0.101 0.1009 0.1009 0.1009 0.1135 0.1135 0.1135 0.1135 0.1135 0.1135 0.1104 0.0958 0.0692 0.0958 0.0723 0.1028 0.1023 0.101 0.101 0.101 0.101 0.0915 0.1135 0.1135 0.1135 0.1135 0.1028 0.1569 0.1135 0.1135 0.1135 0.1135 0.1135 0.1135 0.1135 0.1135 0.1135 0.1135 0.101 0.101 0.101 0.101 0.101 0.1086 0.0982 0.0982 0.0982 0.0982 0.1396 0.1145 0.1135 0.1135 0.1135 0.1135 0.1135 0.1135 0.1135 0.1135 0.116 0.1009 0.0985 0.101 0.101 0.101 0.101 0.101 0.101 0.1179 0.1215 0.1432 0.0982 0.0982 0.0982 0.0982 0.0982 0.1205 0.0958 0.0958 0.0958 0.0958 0.0958 0.0954 0.0486 0.0923 0.1136 0.0974 0.098 0.098 0.098 0.0983 0.147 0.1069 0.1028 0.1028 0.1027 0.1282 0.144 0.1186 0.1135 0.1135 0.1135 0.1135 0.1135 0.1135 0.1135 0.1135 0.1134 0.0922 0.1265 0.1365 0.0557 0.1122 0.1135 0.1136 0.1029 0.0707 0.1057 0.1016 0.1028 0.1028 0.1028 0.1028 0.1028 0.1028 0.1219 0.1472 0.1098 0.1302 0.1711 0.1745 0.1841 0.1538 0.1244 0.1236 0.1239 0.0981 0.1286 0.1135 0.1135 0.1135 0.1135 0.114 0.1621 0.2375 0.1264 0.1069 0.1811 0.1238 0.1179 0.1551 0.1698 0.1767 0.1316 0.1275 0.1111 0.1044 0.1023 0.101 0.1013 0.1017 0.1289 0.2044 0.1767 0.1243 0.1139 0.1145 0.1443 0.1331 0.1576 0.1539 0.1471 0.1614 0.1701 0.1745 0.2159 0.2163 0.1935 0.1402 0.1821 0.1257 0.1521 0.2323 0.1674 0.1167 0.114 0.1158 0.119 0.1284 0.1398 0.1887 0.1999 0.1774 0.1511 0.2186 0.2598 0.2578 0.3119 0.3574 0.3597 
clear_krum_acc_worker_mnist
0 
clear_krum_acc_worker_mnist
0 
clear_krum_acc_worker_mnist
0 
clear_krum_acc_worker_mnist
0 
clear_krum_acc_worker_mnist
0 
clear_krum_acc_worker_mnist
0 
clear_krum_acc_worker_mnist
0 
clear_krum_acc_worker_mnist
0 
clear_krum_acc_worker_mnist
0 
clear_krum_acc_worker_mnist
0 0.0982 0.0982 0.1135 0.1135 0.098 0.098 0.1032 0.1119 0.101 0.101 0.101 0.101 0.0958 0.0958 0.0958 0.0958 0.0982 0.0982 0.0982 0.0982 0.0982 0.0982 0.0982 0.1135 0.1135 0.1135 0.1135 0.1135 0.1135 0.1135 0.1135 0.1135 0.1028 0.1028 0.1028 0.1028 0.1028 0.1028 0.1028 0.0947 0.0958 0.1135 0.1135 0.1135 0.1135 0.1135 0.1135 0.1135 0.1135 0.1135 0.1135 0.1135 0.1135 0.1135 0.101 0.101 0.101 0.101 0.101 0.101 0.1012 0.1028 0.1028 0.1028 0.1028 0.0939 0.0958 0.0958 0.0958 0.0958 0.1016 0.1135 0.1135 0.1135 0.1135 0.1135 0.1135 0.1135 0.1135 0.1135 0.1135 0.1157 0.0982 0.0987 0.1202 0.1028 0.1028 0.1028 0.1028 0.1028 0.1028 0.1028 0.1135 0.1135 0.1135 0.1135 0.1135 0.1135 0.1135 0.1135 0.1135 0.1135 0.1135 0.1135 0.1263 0.101 0.101 0.101 0.1003 0.1161 0.1057 0.1028 0.1028 0.1028 0.115 0.1271 0.1136 0.1135 0.1135 0.1135 0.1135 0.1135 0.1135 0.1135 0.1135 0.1136 0.1356 0.1392 0.1138 0.1135 0.1135 0.1135 0.1135 0.1135 0.1135 0.1135 0.1135 0.1135 0.1135 0.1135 0.1347 0.1314 0.1028 0.1028 0.1028 0.1028 0.098 0.098 0.098 0.098 0.098 0.098 0.1215 0.1135 0.115 0.114 0.1135 0.1135 0.1135 0.1135 0.1135 0.1135 0.1135 0.1141 0.101 0.1028 0.1028 0.1028 0.1161 0.1315 0.1625 0.1028 0.1028 0.1028 0.1028 0.1028 0.1025 0.1347 0.1135 0.1135 0.1135 0.1135 0.1135 0.1135 0.1135 0.1135 0.1135 0.1135 0.1356 0.1012 0.101 0.101 0.101 0.1085 0.1554 0.1603 0.1847 0.1526 0.1044 0.1032 0.1032 0.1038 0.1619 0.193 0.1443 0.1138 0.1135 0.1135 0.1135 0.1135 0.1135 0.1135 0.1135 0.1135 0.1518 0.2134 0.2567 0.1621 0.101 0.1009 0.1009 0.1009 0.1009 0.1009 0.1074 0.2367 0.2083 0.1852 0.1281 0.1053 0.1169 0.2397 0.1719 0.1267 0.1304 
clear_krum_acc_worker_mnist
0 
clear_krum_acc_worker_mnist
0 
clear_krum_acc_worker_mnist
0 
clear_krum_acc_worker_mnist
0 
clear_krum_acc_worker_mnist
0 
clear_krum_acc_worker_mnist
0 
clear_krum_acc_worker_mnist
0 
clear_krum_acc_worker_mnist
0 
clear_krum_acc_worker_mnist
0 
clear_krum_acc_worker_mnist
0 0.101 0.1135 0.1135 0.1135 0.1135 0.1135 0.1028 0.1028 0.1028 0.1028 0.1028 0.1028 0.1028 0.1028 0.1028 0.101 0.101 0.101 0.101 0.101 0.101 0.101 0.1009 0.1009 0.1009 0.1009 0.1009 0.1028 0.1028 0.1028 0.1135 0.1135 0.1135 0.1135 0.1135 0.1135 0.1135 0.1135 0.1135 0.1135 0.1135 0.1135 0.1135 0.1135 0.1059 0.1135 0.1083 0.0958 0.0958 0.0958 0.101 0.101 0.101 0.101 0.101 0.101 0.101 0.101 0.101 0.1041 0.1135 0.1135 0.1138 0.1032 0.1032 0.1065 0.1006 0.1009 0.1028 0.1028 0.1028 0.1028 0.1028 0.1028 0.1028 0.1028 0.1028 0.1028 0.1028 0.1028 0.1135 0.1135 0.1135 0.1135 0.1135 0.1135 0.1135 0.1135 0.1135 0.1135 0.1135 0.1135 0.1135 0.1135 0.1135 0.1135 0.1135 0.1135 0.1135 0.1135 0.1135 0.1135 0.1038 0.1028 0.1028 0.1028 0.1028 0.1028 0.1028 0.1028 0.103 0.0951 0.088 0.0982 0.1009 0.113 0.1022 0.1057 0.1013 0.0984 0.1169 0.1135 0.1135 0.1135 0.1135 0.1135 0.1135 0.1135 0.1135 0.1135 0.1135 0.1135 0.1135 0.1135 0.1135 0.1135 0.1135 0.1135 0.1345 0.1027 0.1028 0.103 0.1353 0.101 0.101 0.101 0.101 0.101 0.101 0.101 0.101 0.101 0.1011 0.1292 0.1135 0.1135 0.1135 0.1135 0.1135 0.1135 0.1135 0.1135 0.1135 0.1135 0.1135 0.1135 0.1135 0.1135 0.1177 0.1415 0.0917 0.0876 0.0911 0.0786 0.1019 0.0958 0.0958 0.0958 0.0959 0.1066 0.1552 0.1134 0.1011 0.1011 0.1333 0.1135 0.1135 0.1135 0.1135 0.1135 0.1135 0.1135 0.1135 0.1135 0.1159 0.1218 0.1665 0.1225 0.1028 0.1374 0.1896 0.235 0.2138 0.1793 0.1584 0.1414 0.1356 0.1328 0.1282 0.1169 0.1141 0.1265 0.1448 0.1688 0.2276 0.243 0.167 0.1473 0.1361 0.1571 0.1618 0.1551 0.1631 0.1029 0.101 0.101 0.101 0.101 0.101 0.101 0.101 0.101 0.15 0.2348 0.218 
clear_krum_acc_worker_mnist
0 
clear_krum_acc_worker_mnist
0 
clear_krum_acc_worker_mnist
0 
clear_krum_acc_worker_mnist
0 
clear_krum_acc_worker_mnist
0 
clear_krum_acc_worker_mnist
0 
clear_krum_acc_worker_mnist
0 
clear_krum_acc_worker_mnist
0 
clear_krum_acc_worker_mnist
0 
clear_krum_acc_worker_mnist
0 0.1009 0.1009 0.1009 0.1135 0.1135 0.1135 0.1135 0.1135 0.1135 0.1135 0.103 0.1028 0.1028 0.1028 0.1028 0.1028 0.1028 0.1028 0.1028 0.1028 0.1028 0.1135 0.1135 0.1135 0.1135 0.1135 0.1135 0.1135 0.1135 0.1135 0.1135 0.1135 0.1144 0.0847 0.1009 0.1009 0.1009 0.101 0.101 0.101 0.101 0.101 0.101 0.101 0.101 0.101 0.1135 0.1135 0.1135 0.1135 0.1135 0.096 0.1028 0.1028 0.1028 0.1028 0.1028 0.1028 0.1028 0.1028 0.1028 0.1028 0.1028 0.1028 0.1028 0.1041 0.101 0.101 0.101 0.101 0.101 0.101 0.101 0.101 0.1017 0.1286 0.1223 0.0981 0.1275 0.1237 0.1014 0.0959 0.0978 0.0958 0.1144 0.1135 0.1135 0.1135 0.1135 0.1135 0.1135 0.1135 0.1137 0.1028 0.1028 0.1028 0.1028 0.1028 0.1028 0.1028 0.1028 0.1028 0.1028 0.1028 0.1028 0.1356 0.101 0.101 0.101 0.101 0.101 0.101 0.101 0.101 0.101 0.101 0.101 0.101 0.101 0.1781 0.1799 0.1295 0.1135 0.1135 0.1135 0.1135 0.1135 0.1135 0.1135 0.1135 0.1135 0.1135 0.1135 0.1135 0.1135 0.114 0.0932 0.0958 0.0958 0.0958 0.0958 0.0958 0.0958 0.0958 0.0498 0.0978 0.0986 0.1011 0.1011 0.1019 0.0974 0.0726 0.0643 0.0764 0.0794 0.0976 0.1141 0.1138 0.1135 0.1135 0.1135 0.1135 0.1135 0.1135 0.1135 0.1135 0.1135 0.1135 0.1135 0.1135 0.1135 0.1135 0.1135 0.1135 0.1135 0.1135 0.1135 0.1135 0.0482 0.097 0.094 0.0912 0.0868 0.085 0.083 0.112 0.1187 0.1264 0.1245 0.1175 0.1126 0.1092 0.1166 0.1343 0.1347 0.1022 0.0856 0.0713 0.1 0.101 0.101 0.101 0.101 0.101 0.101 0.101 0.1092 0.1379 0.1064 0.0904 0.0792 0.0954 0.0958 0.0958 0.0958 0.0958 0.0956 0.0885 0.1128 0.1135 0.1135 0.1135 0.1135 0.1055 0.1022 0.0957 0.0915 0.1002 0.1007 0.1006 0.1004 0.1002 0.1001 0.1116 0.1321 
clear_krum_acc_worker_mnist
0 
clear_krum_acc_worker_mnist
0 
clear_krum_acc_worker_mnist
0 
clear_krum_acc_worker_mnist
0 
clear_krum_acc_worker_mnist
0 
clear_krum_acc_worker_mnist
0 
clear_krum_acc_worker_mnist
0 
clear_krum_acc_worker_mnist
0 
clear_krum_acc_worker_mnist
0 
clear_krum_acc_worker_mnist
0 0.1009 0.101 0.101 0.101 0.101 0.101 0.101 0.101 0.101 0.101 0.101 0.101 0.1135 0.1135 0.1135 0.1135 0.1135 0.1135 0.1135 0.1135 0.1135 0.1135 0.1028 0.1028 0.1028 0.1028 0.1028 0.1028 0.1028 0.1028 0.1028 0.1028 0.1028 0.1028 0.1028 0.1028 0.1028 0.1028 0.1028 0.1117 0.1135 0.114 0.1054 0.1028 0.1028 0.1028 0.1028 0.0984 0.0982 0.0982 0.0982 0.0982 0.0982 0.0982 0.0982 0.0982 0.0982 0.0982 0.0982 0.0982 0.0982 0.0982 0.1094 0.1135 0.1135 0.1135 0.1135 0.1141 0.1394 0.1028 0.1028 0.1028 0.1028 0.1028 0.1028 0.1028 0.1028 0.1028 0.1028 0.1028 0.1028 0.1028 0.1029 0.1253 0.1137 0.1135 0.1055 0.1031 0.1032 0.1032 0.1032 0.1032 0.1032 0.1032 0.1032 0.1032 0.1032 0.0828 0.1135 0.1135 0.1135 0.1135 0.1135 0.1135 0.1135 0.1135 0.1135 0.1135 0.1135 0.1135 0.1135 0.1135 0.1135 0.1135 0.1135 0.1135 0.1135 0.1135 0.1135 0.1135 0.1135 0.1199 0.194 0.1891 0.186 0.1809 0.1391 0.1074 0.1028 0.1028 0.1028 0.1028 0.1028 0.1028 0.1028 0.1028 0.1028 0.1028 0.1028 0.1028 0.1028 0.1028 0.1028 0.1006 0.101 0.101 0.101 0.101 0.101 0.101 0.101 0.101 0.101 0.101 0.101 0.101 0.101 0.101 0.101 0.101 0.101 0.101 0.101 0.1008 0.1006 0.1135 0.1135 0.1135 0.1135 0.1135 0.1135 0.1135 0.1135 0.1135 0.1135 0.1135 0.1135 0.115 0.1277 0.1329 0.1167 0.0572 0.1048 0.1221 0.1189 0.1061 0.1024 0.0927 0.1374 0.1353 0.1176 0.115 0.1154 0.1054 0.0868 0.1253 0.1208 0.1435 0.1496 0.122 0.1041 0.101 0.101 0.101 0.101 0.1011 0.1012 0.1011 0.1039 0.1438 0.1301 0.1135 0.1135 0.1135 0.1135 0.1135 0.1135 0.1135 0.1135 0.1135 0.1135 0.1135 0.1135 0.1135 0.1135 0.1135 0.1135 0.1135 0.1135 0.1135 0.1135 0.1135 0.1135 0.1133 0.1133 
clear_krum_acc_worker_mnist
0 
clear_krum_acc_worker_mnist
0 
clear_krum_acc_worker_mnist
0 
clear_krum_acc_worker_mnist
0 
clear_krum_acc_worker_mnist
0 
clear_krum_acc_worker_mnist
0 
clear_krum_acc_worker_mnist
0 
clear_krum_acc_worker_mnist
0 
clear_krum_acc_worker_mnist
0 0.1135 0.098 0.0982 0.0974 0.0982 0.0958 0.0958 0.0958 0.1135 0.1135 0.1135 0.1135 0.1135 0.1135 0.1135 0.1135 0.1135 0.1137 0.1251 0.1386 0.1615 0.1787 0.1904 0.1895 0.2358 0.2398 0.2411 0.2359 0.2324 0.238 0.249 0.2569 0.2346 0.2402 0.2467 0.2466 0.2553 0.2389 0.2405 0.2421 0.2538 0.3418 0.3223 0.3047 0.3025 0.3035 0.3216 0.3252 0.3329 0.3424 0.3525 0.3608 0.3707 0.3702 0.3742 0.3757 0.3715 0.3801 0.3874 0.3906 0.3994 0.4083 0.4259 0.4348 0.4471 0.464 0.4818 0.4901 0.5089 0.513 0.5316 0.5494 0.5655 0.5667 0.5728 0.5815 0.5923 0.6026 0.6187 0.6366 0.653 0.6673 0.6839 0.6896 0.6828 0.6922 0.7207 0.7333 0.7453 0.7352 0.7449 0.76 0.7753 0.7877 0.7877 0.8002 0.802 0.8093 0.8104 0.8213 0.8274 0.8322 0.8325 0.8397 0.8424 0.8442 0.8477 0.8546 0.8568 0.8601 0.8639 0.8648 0.8757 0.8761 0.8788 0.8834 0.8911 0.8941 0.8945 0.8892 0.8975 0.9039 0.9068 0.9031 0.91 0.912 0.9126 0.913 0.9116 0.9109 0.9183 0.9158 0.9226 0.9156 0.9236 0.9229 0.9241 0.9262 0.9277 0.928 0.9307 0.9297 0.9312 0.9331 0.932 0.9324 0.937 0.9388 0.9401 0.9406 0.9423 0.9432 0.9453 0.9458 0.9452 0.9439 0.947 0.9468 0.9475 0.9478 0.9475 0.9453 0.9481 0.9486 0.9508 0.952 0.9503 0.952 0.952 0.9529 0.953 0.9541 0.956 0.9571 0.955 0.9527 0.9528 0.9545 0.9561 0.9557 0.9547 0.9586 0.956 0.9579 0.9583 0.9615 0.9602 0.9621 0.9626 0.9622 0.9632 0.9642 0.9634 0.9624 0.9628 0.9634 0.9649 0.9642 0.9649 0.9635 0.9655 0.9628 0.9634 0.9667 0.967 0.9672 0.9667 0.9593 0.9614 0.968 0.9644 0.9602 0.9642 0.9665 0.9668 0.9662 0.9669 0.9698 0.9638 0.9663 0.9696 0.9662 0.966 0.9689 0.9698 0.9697 0.9706 0.972 0.9717 0.9717 0.9727 0.9724 0.972 0.973 0.9733 
clear_krum_acc_worker_mnist
0 
clear_krum_acc_worker_mnist
0 
clear_krum_acc_worker_mnist
0 
clear_krum_acc_worker_mnist
0 
clear_krum_acc_worker_mnist
0 
clear_krum_acc_worker_mnist
0 
clear_krum_acc_worker_mnist
0 
clear_krum_acc_worker_mnist
0 0.1135 0.1028 0.1028 0.101 0.0982 0.1009 0.1009 0.1009 0.1009 0.1135 0.1135 0.1028 0.1028 0.1135 0.1135 0.1135 0.1135 0.1135 0.1135 0.1135 0.1135 0.1135 0.1135 0.1135 0.1135 0.1135 0.1135 0.1144 0.1195 0.1301 0.1496 0.1662 0.1955 0.2531 0.2559 0.2598 0.255 0.2471 0.2495 0.2564 0.2719 0.2348 0.2371 0.2398 0.261 0.2729 0.2809 0.248 0.2515 0.2608 0.2642 0.2555 0.3193 0.3135 0.3123 0.3137 0.3164 0.3181 0.3216 0.326 0.3316 0.3347 0.3459 0.3524 0.3567 0.3558 0.3668 0.39 0.4151 0.4312 0.4426 0.4556 0.4562 0.4786 0.5154 0.5235 0.5292 0.5241 0.5367 0.5556 0.5851 0.601 0.592 0.6001 0.6087 0.6255 0.6491 0.6637 0.6648 0.6699 0.6807 0.6979 0.7235 0.7424 0.7491 0.7555 0.7582 0.7664 0.7609 0.7774 0.7842 0.7843 0.7913 0.7942 0.7981 0.8049 0.817 0.8165 0.8147 0.8237 0.8347 0.8388 0.8435 0.8418 0.8509 0.8574 0.8578 0.8613 0.8679 0.8716 0.8722 0.8776 0.8744 0.8845 0.8895 0.894 0.8902 0.8876 0.8975 0.8976 0.9007 0.9046 0.8951 0.9068 0.9033 0.9133 0.9101 0.9071 0.9151 0.9191 0.9195 0.9187 0.9211 0.9199 0.9204 0.9204 0.9226 0.9239 0.9275 0.9302 0.9295 0.9283 0.9254 0.9312 0.9332 0.9289 0.9319 0.9338 0.9376 0.9397 0.9396 0.9415 0.9424 0.9401 0.9382 0.9363 0.9384 0.9397 0.9426 0.9441 0.9433 0.9458 0.9461 0.9478 0.9473 0.9454 0.9461 0.9456 0.9446 0.9466 0.9473 0.949 0.9503 0.9491 0.9482 0.9491 0.9486 0.9422 0.9488 0.9486 0.9509 0.9486 0.9423 0.9492 0.9509 0.9443 0.9486 0.9535 0.9489 0.9504 0.9553 0.9536 0.9476 0.9521 0.9578 0.9498 0.9483 0.9573 0.9504 0.9482 0.9559 0.9587 0.9533 0.953 0.9588 0.9567 0.9556 0.9574 0.9599 0.9605 0.9609 0.9612 0.9589 0.9594 0.9592 0.96 0.9614 0.9628 0.9624 0.963 0.9629 0.9623 0.9638 0.9631 0.9622 
clear_krum_acc_worker_mnist
0 
clear_krum_acc_worker_mnist
0 
clear_krum_acc_worker_mnist
0 
clear_krum_acc_worker_mnist
0 
clear_krum_acc_worker_mnist
0 
clear_krum_acc_worker_mnist
0 
clear_krum_acc_worker_mnist
0 0.1135 0.1028 0.1028 0.0982 0.0982 0.098 0.1009 0.1135 0.1135 0.1135 0.1135 0.1135 0.1028 0.1032 0.1032 0.1032 0.1032 0.098 0.098 0.098 0.0982 0.0982 0.1135 0.1135 0.1135 0.1135 0.1135 0.1135 0.1135 0.1135 0.1135 0.1135 0.1135 0.1135 0.1135 0.1135 0.1135 0.1135 0.1135 0.115 0.122 0.1441 0.1641 0.1736 0.1736 0.1779 0.2058 0.2322 0.2454 0.2513 0.2789 0.288 0.2567 0.2597 0.2613 0.2645 0.2743 0.2828 0.3129 0.3201 0.3205 0.3194 0.3203 0.3232 0.3301 0.334 0.3377 0.34 0.3422 0.3413 0.3563 0.3626 0.3683 0.3667 0.359 0.3645 0.3786 0.3959 0.4073 0.4155 0.4307 0.4393 0.4654 0.5139 0.5098 0.5078 0.5081 0.5137 0.5339 0.5359 0.5488 0.5607 0.5714 0.5821 0.5934 0.6023 0.6243 0.6309 0.6321 0.6409 0.6572 0.6744 0.6844 0.6927 0.7049 0.7141 0.7371 0.7287 0.7231 0.7475 0.7495 0.7411 0.7501 0.764 0.7724 0.7712 0.779 0.7875 0.7986 0.8084 0.8134 0.8169 0.822 0.8216 0.8239 0.8332 0.8347 0.8395 0.8445 0.8462 0.8527 0.8569 0.8642 0.8619 0.8671 0.8747 0.8701 0.8783 0.8802 0.8826 0.8852 0.8874 0.888 0.8958 0.8967 0.8936 0.9008 0.9064 0.9068 0.9038 0.9102 0.9089 0.9065 0.9102 0.9122 0.9104 0.9172 0.9212 0.9207 0.9188 0.9183 0.9213 0.9255 0.9266 0.9233 0.9252 0.9276 0.9293 0.9224 0.931 0.9332 0.9271 0.9281 0.9353 0.9341 0.9226 0.9339 0.9347 0.9339 0.9367 0.936 0.9303 0.9295 0.9354 0.9366 0.9375 0.9417 0.9431 0.9398 0.9422 0.9481 0.9414 0.9268 0.9442 0.9528 0.9476 0.9456 0.9461 0.9505 0.9518 0.951 0.951 0.9517 0.9527 0.9514 0.9502 0.9515 0.954 0.9538 0.9521 0.9509 0.9513 0.9532 0.9535 0.951 0.9523 0.9573 0.9585 0.9573 0.9593 0.9604 0.9592 0.9578 0.9598 0.9582 0.9551 0.9546 0.9595 0.9636 0.9637 0.9619 0.9621 0.9619 0.9621 0.9645 
clear_krum_acc_worker_mnist
0 
clear_krum_acc_worker_mnist
0 
clear_krum_acc_worker_mnist
0 
clear_krum_acc_worker_mnist
0 
clear_krum_acc_worker_mnist
0 
clear_krum_acc_worker_mnist
0 0.0892 0.098 0.1028 0.0974 0.0982 0.101 0.101 0.1135 0.1135 0.1135 0.1135 0.1344 0.1028 0.1028 0.2252 0.1336 0.1135 0.1135 0.1135 0.1135 0.1135 0.1135 0.1142 0.1647 0.1928 0.2102 0.2189 0.1958 0.1922 0.1921 0.1986 0.2496 0.2293 0.2324 0.2439 0.2549 0.2247 0.2298 0.2383 0.2548 0.2776 0.2492 0.2566 0.2567 0.257 0.2598 0.3106 0.3007 0.3014 0.3048 0.3146 0.3217 0.318 0.3168 0.3183 0.3234 0.3311 0.3363 0.3475 0.3585 0.3581 0.3553 0.3624 0.3692 0.3752 0.384 0.3942 0.4093 0.4296 0.4436 0.4636 0.4675 0.4817 0.5001 0.5164 0.5251 0.5163 0.5251 0.5411 0.552 0.5606 0.57 0.5857 0.5911 0.599 0.5996 0.6094 0.6304 0.6515 0.6345 0.6336 0.6406 0.6633 0.6923 0.7107 0.7105 0.7104 0.7136 0.7187 0.7292 0.7338 0.7374 0.7536 0.7695 0.7797 0.7861 0.7911 0.7926 0.7974 0.8068 0.8139 0.8233 0.821 0.823 0.8267 0.8333 0.8381 0.8425 0.8452 0.8457 0.8449 0.8563 0.8566 0.8626 0.874 0.8487 0.8623 0.8747 0.8711 0.8807 0.8803 0.8832 0.8853 0.8909 0.8903 0.8947 0.9021 0.9026 0.8982 0.8936 0.9079 0.9092 0.9047 0.9051 0.912 0.9168 0.9135 0.9093 0.9059 0.9083 0.9133 0.9165 0.92 0.9249 0.9252 0.9253 0.9276 0.9279 0.9282 0.9281 0.9274 0.9308 0.9315 0.9317 0.9326 0.9332 0.9324 0.9337 0.9342 0.9328 0.9363 0.9369 0.9378 0.9401 0.9407 0.9414 0.9401 0.9387 0.9397 0.9422 0.9414 0.9428 0.9448 0.9447 0.9446 0.9412 0.9453 0.9483 0.9451 0.943 0.9445 0.9476 0.948 0.948 0.9474 0.9446 0.9496 0.9484 0.9445 0.9486 0.9423 0.9392 0.9463 0.953 0.9414 0.9347 0.9505 0.9472 0.9434 0.9491 0.9512 0.9453 0.9423 0.945 0.9542 0.9556 0.9533 0.9555 0.9565 0.9558 0.9544 0.9548 0.9546 0.953 0.9552 0.9568 0.9578 0.9562 0.9524 0.9546 0.9578 0.9612 0.9588 0.9538 0.9524 
clear_krum_acc_worker_mnist
0 
clear_krum_acc_worker_mnist
0 
clear_krum_acc_worker_mnist
0 
clear_krum_acc_worker_mnist
0 
clear_krum_acc_worker_mnist
0 0.101 0.1028 0.098 0.0974 0.0974 0.0982 0.0982 0.1135 0.1135 0.1135 0.1135 0.1644 0.1135 0.1135 0.1135 0.1135 0.1135 0.1135 0.1212 0.1761 0.1021 0.1504 0.2023 0.1192 0.1138 0.1315 0.1508 0.1521 0.1622 0.1674 0.184 0.1966 0.2087 0.2166 0.2233 0.2496 0.2296 0.2259 0.2247 0.2249 0.2224 0.2223 0.2236 0.2276 0.2558 0.2622 0.2948 0.2601 0.26 0.2616 0.2634 0.2653 0.2765 0.2709 0.276 0.2808 0.2974 0.2806 0.2884 0.3447 0.3321 0.3286 0.3317 0.3374 0.3421 0.3522 0.3659 0.3755 0.3844 0.4048 0.4127 0.3655 0.3685 0.3744 0.3779 0.3831 0.3896 0.3958 0.4294 0.4845 0.4959 0.4914 0.4875 0.5033 0.5223 0.5449 0.5577 0.5647 0.5766 0.588 0.6003 0.6085 0.6318 0.6608 0.6532 0.6505 0.6514 0.6569 0.6689 0.6806 0.7 0.7151 0.7139 0.7179 0.723 0.7287 0.7344 0.7424 0.7525 0.7516 0.7675 0.7804 0.7724 0.7858 0.7814 0.7959 0.7915 0.8017 0.8078 0.7929 0.8159 0.817 0.8128 0.828 0.8362 0.8422 0.8468 0.8474 0.8509 0.855 0.8591 0.8587 0.8598 0.8659 0.8699 0.8754 0.8734 0.8765 0.8795 0.8751 0.8811 0.8773 0.8803 0.885 0.8906 0.8943 0.8829 0.8946 0.8966 0.8998 0.9045 0.9062 0.9062 0.9055 0.9066 0.9034 0.9011 0.9059 0.913 0.915 0.916 0.9168 0.9171 0.9167 0.9178 0.9162 0.9166 0.9164 0.9209 0.9251 0.9266 0.9294 0.9284 0.9283 0.9256 0.9283 0.9302 0.9313 0.9325 0.9322 0.9324 0.9288 0.9274 0.9226 0.9239 0.9308 0.9286 0.935 0.938 0.9347 0.9336 0.9372 0.9379 0.9348 0.936 0.9407 0.9385 0.9338 0.9336 0.9426 0.9414 0.9424 0.9456 0.9411 0.9387 0.9415 0.9431 0.9442 0.9456 0.9473 0.9471 0.9447 0.947 0.9471 0.9453 0.947 0.9497 0.9509 0.9519 0.9512 0.9509 0.9497 0.9478 0.9482 0.9473 0.9446 0.9473 0.9512 0.9521 0.9508 0.9497 0.95 0.9518 0.9502 0.9497 
clear_krum_acc_worker_mnist
0 
clear_krum_acc_worker_mnist
0 
clear_krum_acc_worker_mnist
0 
clear_krum_acc_worker_mnist
0 0.1135 0.1028 0.0974 0.0974 0.0974 0.0982 0.0957 0.0958 0.0958 0.101 0.1028 0.1028 0.1028 0.1028 0.1028 0.1028 0.1028 0.1028 0.1029 0.1808 0.2312 0.1726 0.1218 0.117 0.1171 0.1372 0.1695 0.1809 0.1825 0.191 0.1939 0.1976 0.2552 0.2601 0.2499 0.2517 0.265 0.2245 0.2292 0.2334 0.2393 0.2453 0.2543 0.2605 0.2503 0.2526 0.2547 0.2565 0.2736 0.2767 0.2866 0.2952 0.2984 0.2965 0.297 0.2974 0.3257 0.324 0.3294 0.3335 0.339 0.3463 0.3576 0.3675 0.371 0.37 0.3653 0.3635 0.3773 0.387 0.3938 0.3852 0.3798 0.383 0.4127 0.4453 0.4507 0.4567 0.4055 0.4216 0.4374 0.4347 0.4318 0.4373 0.4562 0.4661 0.4651 0.5179 0.5296 0.5333 0.5425 0.5437 0.5405 0.553 0.5718 0.5911 0.5991 0.6046 0.6061 0.6155 0.6295 0.6466 0.6478 0.6471 0.6498 0.6536 0.6581 0.6679 0.6788 0.6842 0.707 0.7033 0.711 0.7136 0.7236 0.7406 0.7588 0.7518 0.7527 0.7672 0.7818 0.7934 0.7973 0.7904 0.7871 0.8012 0.8152 0.8156 0.8097 0.8186 0.8203 0.8123 0.8174 0.8371 0.8408 0.8241 0.8405 0.8552 0.8502 0.8468 0.8487 0.8495 0.8596 0.8602 0.8642 0.8684 0.8706 0.8724 0.8732 0.8763 0.881 0.8849 0.8829 0.8799 0.8845 0.8923 0.8927 0.889 0.885 0.8874 0.896 0.9029 0.907 0.9033 0.9014 0.9024 0.8993 0.8985 0.9003 0.9107 0.912 0.9121 0.9109 0.9115 0.9113 0.9091 0.9138 0.9181 0.9223 0.9235 0.9227 0.9247 0.921 0.9213 0.9275 0.9234 0.9241 0.9241 0.9242 0.9235 0.9252 0.9255 0.9268 0.9308 0.9302 0.9306 0.9275 0.9258 0.93 0.9308 0.9306 0.9319 0.9335 0.9371 0.9395 0.9396 0.9388 0.9392 0.9417 0.9419 0.9382 0.9377 0.9378 0.9397 0.942 0.9427 0.9454 0.946 0.9468 0.9466 0.9477 0.9464 0.948 0.9463 0.9466 0.9474 0.9519 0.9503 0.9426 0.9452 0.9487 0.9537 0.9518 0.949 0.9456 
clear_krum_acc_worker_mnist
0 
clear_krum_acc_worker_mnist
0 
clear_krum_acc_worker_mnist
0 0.0958 0.1032 0.1032 0.0974 0.0974 0.1078 0.098 0.098 0.098 0.0866 0.0736 0.0704 0.1188 0.1703 0.1747 0.1195 0.1144 0.1135 0.1135 0.1291 0.171 0.186 0.1875 0.1538 0.1579 0.1769 0.1909 0.2696 0.2725 0.2641 0.2545 0.2523 0.2537 0.2497 0.2447 0.2466 0.2086 0.2075 0.208 0.2083 0.2096 0.2092 0.2109 0.2134 0.2179 0.2243 0.2355 0.2662 0.2463 0.2397 0.2305 0.2189 0.224 0.2433 0.248 0.2565 0.3308 0.2921 0.284 0.2833 0.3218 0.3251 0.3299 0.3255 0.3268 0.3364 0.3388 0.3462 0.3528 0.3589 0.3589 0.3563 0.3606 0.3768 0.3802 0.3805 0.3895 0.3959 0.4058 0.4013 0.4047 0.4006 0.4042 0.4132 0.4276 0.4526 0.4593 0.4644 0.4686 0.4804 0.474 0.4795 0.4857 0.4917 0.4985 0.5063 0.5102 0.5268 0.5625 0.5665 0.5676 0.5706 0.5623 0.5591 0.5688 0.5892 0.6177 0.6003 0.591 0.5963 0.5977 0.6066 0.6203 0.6318 0.6368 0.6416 0.6546 0.6601 0.6665 0.66 0.6537 0.6613 0.6722 0.6791 0.6946 0.6956 0.7009 0.6861 0.6851 0.6969 0.7143 0.728 0.7381 0.7021 0.7167 0.7283 0.7369 0.7596 0.7651 0.7635 0.7504 0.7468 0.7626 0.745 0.7415 0.7582 0.7899 0.781 0.7583 0.7721 0.7794 0.765 0.7766 0.7984 0.8072 0.8081 0.809 0.8097 0.8184 0.8191 0.8225 0.8331 0.836 0.8377 0.8327 0.8245 0.8269 0.8299 0.8425 0.8528 0.85 0.8473 0.8436 0.8407 0.8404 0.8473 0.8589 0.8602 0.8576 0.8716 0.8635 0.8572 0.8644 0.8708 0.8665 0.8725 0.8777 0.8581 0.857 0.8743 0.8794 0.8784 0.8836 0.8893 0.8925 0.8922 0.8856 0.8849 0.8846 0.8863 0.8907 0.8977 0.9015 0.9053 0.9062 0.9049 0.8989 0.898 0.9091 0.9092 0.9058 0.9024 0.9029 0.9029 0.9081 0.9094 0.9079 0.9113 0.9107 0.9088 0.9079 0.9086 0.9124 0.9113 0.9082 0.9079 0.9078 0.911 0.9175 0.9218 0.9161 0.9135 0.9098 0.9153 0.9186 
clear_krum_acc_worker_mnist
0 
clear_krum_acc_worker_mnist
0 0.098 0.098 0.098 0.098 0.098 0.098 0.098 0.098 0.098 0.098 0.098 0.098 0.098 0.098 0.098 0.098 0.098 0.098 0.098 0.098 0.098 0.098 0.098 0.098 0.098 0.098 0.098 0.098 0.098 0.098 0.098 0.098 0.098 0.098 0.098 0.098 0.098 0.098 0.098 0.098 0.098 0.098 0.098 0.098 0.098 0.098 0.098 0.098 0.098 0.098 0.098 0.098 0.098 0.098 0.098 0.098 0.098 0.098 0.098 0.098 0.098 0.098 0.098 0.098 0.098 0.098 0.098 0.098 0.098 0.098 0.098 0.098 0.098 0.098 0.098 0.098 0.098 0.098 0.098 0.098 0.098 0.098 0.098 0.098 0.098 0.098 0.098 0.098 0.098 0.098 0.098 0.098 0.098 0.098 0.098 0.098 0.098 0.098 0.098 0.098 0.098 0.098 0.098 0.098 0.098 0.098 0.098 0.098 0.098 0.098 0.098 0.098 0.098 0.098 0.098 0.098 0.098 0.098 0.098 0.098 0.098 0.098 0.098 0.098 0.098 0.098 0.098 0.098 0.098 0.098 0.098 0.098 0.098 0.098 0.098 0.098 0.098 0.098 0.098 0.098 0.098 0.098 0.098 0.098 0.098 0.098 0.098 0.098 0.098 0.098 0.098 0.098 0.098 0.098 0.098 0.098 0.098 0.098 0.098 0.098 0.098 0.098 0.098 0.098 0.098 0.098 0.098 0.098 0.098 0.098 0.098 0.098 0.098 0.098 0.098 0.098 0.098 0.098 0.098 0.098 0.098 0.098 0.098 0.098 0.098 0.098 0.098 0.098 0.098 0.098 0.098 0.098 0.098 0.098 0.098 0.098 0.098 0.098 0.098 0.098 0.098 0.098 0.098 0.098 0.098 0.098 0.098 0.098 0.098 0.098 0.098 0.098 0.098 0.098 0.098 0.098 0.098 0.098 0.098 0.098 0.098 0.098 0.098 0.098 0.098 0.098 0.098 0.098 0.098 0.098 0.098 0.098 0.098 0.098 0.098 
clear_krum_acc_worker_mnist
0 
clear_krum_acc_worker_mnist
0 
clear_krum_acc_worker_mnist
0 0.101 0.1028 0.1028 0.0974 0.0982 0.0982 0.0982 0.0982 0.0723 0.1135 0.101 0.101 0.1032 0.1032 0.1041 0.1032 0.1032 0.1039 0.104 0.1032 0.2041 0.1945 0.1219 0.1186 0.1238 0.1391 0.1461 0.155 0.1744 0.1987 0.2036 0.1772 0.1796 0.1873 0.1974 0.2012 0.2021 0.202 0.2141 0.2472 0.2814 0.2596 0.2488 0.2406 0.234 0.2344 0.2359 0.2421 0.2712 0.2215 0.2292 0.2546 0.2608 0.2631 0.2647 0.2785 0.2964 0.2498 0.2469 0.252 0.2601 0.265 0.2668 0.2979 0.328 0.3235 0.3211 0.317 0.3135 0.3129 0.3139 0.317 0.324 0.3271 0.3314 0.336 0.3526 0.3779 0.395 0.4025 0.3834 0.3639 0.3668 0.3544 0.3279 0.316 0.3299 0.4042 0.4291 0.4447 0.4486 0.4529 0.4588 0.4717 0.4634 0.4753 0.5055 0.5118 0.517 0.5263 0.5315 0.5401 0.5436 0.5529 0.5586 0.5542 0.5569 0.5777 0.5844 0.5845 0.5856 0.5843 0.5901 0.6058 0.6203 0.6347 0.6236 0.6234 0.6372 0.6472 0.649 0.6639 0.6764 0.6848 0.6911 0.6954 0.6814 0.6724 0.6712 0.6718 0.6912 0.7072 0.7263 0.7386 0.7404 0.7402 0.7336 0.7282 0.7302 0.734 0.7459 0.7606 0.7716 0.7735 0.7727 0.7657 0.7747 0.7753 0.7846 0.8035 0.8129 0.8053 0.799 0.8074 0.7984 0.806 0.8087 0.8092 0.8211 0.8304 0.8194 0.811 0.8139 0.8237 0.8269 0.8304 0.8362 0.8427 0.8461 0.8556 0.8531 0.8535 0.8519 0.8546 0.8601 0.8654 0.8678 0.8722 0.8783 0.8776 0.8775 0.8758 0.8761 0.8762 0.8801 0.8822 0.8796 0.8785 0.881 0.8842 0.8885 0.8939 0.894 0.8945 0.8917 0.8939 0.8945 0.8975 0.9007 0.9007 0.9018 0.9031 0.9057 0.9077 0.91 0.9077 0.9054 0.9089 0.906 0.9047 0.9022 0.9036 0.9071 0.9097 0.9103 0.9053 0.9038 0.9105 0.9106 0.9097 0.9121 0.9171 0.9186 0.9148 0.9161 0.9181 0.9183 0.9208 0.9235 0.9203 0.9198 0.9245 0.9283 0.929 0.9288 
clear_krum_acc_worker_mnist
0 
clear_krum_acc_worker_mnist
0 0.098 0.098 0.098 0.098 0.098 0.098 0.098 0.098 0.098 0.098 0.098 0.098 0.098 0.098 0.098 0.098 0.098 0.098 0.098 0.098 0.098 0.098 0.098 0.098 0.098 0.098 0.098 0.098 0.098 0.098 0.098 0.098 0.098 0.098 0.098 0.098 0.098 0.098 0.098 0.098 0.098 0.098 0.098 0.098 0.098 0.098 0.098 0.098 0.098 0.098 0.098 0.098 0.098 0.098 0.098 0.098 0.098 0.098 0.098 0.098 0.098 0.098 0.098 0.098 0.098 0.098 0.098 0.098 0.098 0.098 0.098 0.098 0.098 0.098 0.098 0.098 0.098 0.098 0.098 0.098 0.098 0.098 0.098 0.098 0.098 0.098 0.098 0.098 0.098 0.098 0.098 0.098 0.098 0.098 0.098 0.098 0.098 0.098 0.098 0.098 0.098 0.098 0.098 0.098 0.098 0.098 0.098 0.098 0.098 0.098 0.098 0.098 0.098 0.098 0.098 0.098 0.098 0.098 0.098 0.098 0.098 0.098 0.098 0.098 0.098 0.098 0.098 0.098 0.098 0.098 0.098 0.098 0.098 0.098 0.098 0.098 0.098 0.098 0.098 0.098 0.098 0.098 0.098 0.098 0.098 0.098 0.098 0.098 0.098 0.098 0.098 0.098 0.098 0.098 0.098 0.098 0.098 0.098 0.098 0.098 0.098 0.098 0.098 0.098 0.098 0.098 0.098 0.098 0.098 0.098 0.098 0.098 0.098 0.098 0.098 0.098 0.098 0.098 0.098 0.098 0.098 0.098 0.098 0.098 0.098 0.098 0.098 0.098 0.098 0.098 0.098 0.098 0.098 0.098 0.098 0.098 0.098 0.098 0.098 0.098 0.098 0.098 0.098 0.098 0.098 0.098 0.098 0.098 0.098 0.098 0.098 0.098 0.098 0.098 0.098 0.098 0.098 0.098 0.098 0.098 0.098 0.098 0.098 0.098 0.098 0.098 0.098 0.098 0.098 0.098 0.098 0.098 0.098 0.098 0.098 
clear_krum_acc_worker_mnist
0 0.098 0.098 0.098 0.098 0.098 0.098 0.098 0.098 0.098 0.098 0.098 0.098 0.098 0.098 0.098 0.098 0.098 0.098 0.098 0.098 0.098 0.098 0.098 0.098 0.098 0.098 0.098 0.098 0.098 0.098 0.098 0.098 0.098 0.098 0.098 0.098 0.098 0.098 0.098 0.098 0.098 0.098 0.098 0.098 0.098 0.098 0.098 0.098 0.098 0.098 0.098 0.098 0.098 0.098 0.098 0.098 0.098 0.098 0.098 0.098 0.098 0.098 0.098 0.098 0.098 0.098 0.098 0.098 0.098 0.098 0.098 0.098 0.098 0.098 0.098 0.098 0.098 0.098 0.098 0.098 0.098 0.098 0.098 0.098 0.098 0.098 0.098 0.098 0.098 0.098 0.098 0.098 0.098 0.098 0.098 0.098 0.098 0.098 0.098 0.098 0.098 0.098 0.098 0.098 0.098 0.098 0.098 0.098 0.098 0.098 0.098 0.098 0.098 0.098 0.098 0.098 0.098 0.098 0.098 0.098 0.098 0.098 0.098 0.098 0.098 0.098 0.098 0.098 0.098 0.098 0.098 0.098 0.098 0.098 0.098 0.098 0.098 0.098 0.098 0.098 0.098 0.098 0.098 0.098 0.098 0.098 0.098 0.098 0.098 0.098 0.098 0.098 0.098 0.098 0.098 0.098 0.098 0.098 0.098 0.098 0.098 0.098 0.098 0.098 0.098 0.098 0.098 0.098 0.098 0.098 0.098 0.098 0.098 0.098 0.098 0.098 0.098 0.098 0.098 0.098 0.098 0.098 0.098 0.098 0.098 0.098 0.098 0.098 0.098 0.098 0.098 0.098 0.098 0.098 0.098 0.098 0.098 0.098 0.098 0.098 0.098 0.098 0.098 0.098 0.098 0.098 0.098 0.098 0.098 0.098 0.098 0.098 0.098 0.098 0.098 0.098 0.098 0.098 0.098 0.098 0.098 0.098 0.098 0.098 0.098 0.098 0.098 0.098 0.098 0.098 0.098 0.098 0.098 0.098 0.098 
clear_krum_acc_worker_mnist
0 
clear_krum_acc_worker_mnist
0 
clear_krum_acc_worker_mnist
0 
clear_krum_acc_worker_mnist
0 
clear_krum_acc_worker_mnist
0 
clear_krum_acc_worker_mnist
0 
clear_krum_acc_worker_mnist
0 
clear_krum_acc_worker_mnist
0 
clear_krum_acc_worker_mnist
0 
clear_krum_acc_worker_mnist
0 0.1 0.1 0.1 0.1 0.1 0.1 0.1544 0.1 0.1865 0.0998 0.1003 0.1007 0.1047 0.1857 0.164 0.2158 0.2277 0.2362 0.2014 0.1939 0.1952 0.1963 0.1965 0.1955 0.1975 0.2164 0.2188 0.2269 0.2305 0.2383 0.3292 0.2934 0.289 0.2905 0.3385 0.3065 0.3083 0.3323 0.3928 0.3346 0.3407 0.3604 0.3329 0.3746 0.4121 0.4198 0.4141 0.4433 0.4261 0.4144 0.4683 0.4784 0.5237 0.484 0.5324 0.5206 0.577 0.5583 0.5468 0.5434 0.561 0.5744 0.5511 0.5452 0.5462 0.5662 0.5948 0.6148 0.625 0.6231 0.6215 0.6095 0.5956 0.5996 0.617 0.6223 0.6069 0.6394 0.6541 0.6555 0.6538 0.6489 0.6566 0.6665 0.6716 0.6738 0.6748 0.68 0.6743 0.6772 0.6775 0.6862 0.6915 0.6891 0.697 0.6958 0.6931 0.6896 0.691 0.7014 0.7072 0.7087 0.7148 0.7109 0.7177 0.7201 0.7113 0.7218 0.7119 0.7156 0.7223 0.7175 0.7261 0.7314 0.7249 0.721 0.7262 0.7333 0.7211 0.7315 0.7269 0.7247 0.7328 0.7438 0.7375 0.7358 0.7407 0.7412 0.7431 0.7418 0.7412 0.746 0.7495 0.7367 0.7465 0.7404 0.7397 0.7428 0.7482 0.7457 0.7407 0.7452 0.7494 0.7488 0.7395 0.7441 0.7564 0.7488 0.7581 0.7537 0.7481 0.7495 0.7512 0.761 0.7585 0.7568 0.7605 0.7577 0.7609 0.7615 0.7601 0.761 0.7574 0.7639 0.7644 0.7646 0.7704 0.7704 0.7659 0.7652 0.7623 0.765 0.7713 0.766 0.7666 0.7644 0.7709 0.766 0.7629 0.7702 0.7687 0.7721 0.7703 0.7705 0.7751 0.7761 0.7735 0.77 0.7706 0.7742 0.7803 0.7682 0.7766 0.7777 0.775 0.7781 0.7757 0.7792 0.7797 0.7827 0.7754 0.7743 0.7825 0.7737 0.7837 0.7804 0.775 0.7776 0.7789 0.7824 0.7844 0.7859 0.7907 0.7862 0.7852 0.7946 0.7889 0.7871 0.7827 0.7869 0.7896 0.7831 0.7899 0.7926 0.7885 0.7854 0.7852 0.7872 0.7939 0.795 0.798 0.7965 0.7947 0.7889 0.7914 
clear_krum_acc_worker_mnist
0 
clear_krum_acc_worker_mnist
0 
clear_krum_acc_worker_mnist
0 
clear_krum_acc_worker_mnist
0 
clear_krum_acc_worker_mnist
0 
clear_krum_acc_worker_mnist
0 
clear_krum_acc_worker_mnist
0 
clear_krum_acc_worker_mnist
0 
clear_krum_acc_worker_mnist
0 
clear_krum_acc_worker_mnist
0 0.1 0.1 0.1 0.1 0.1 0.1 0.1 0.1 0.1 0.1 0.1 0.1556 0.1692 0.1963 0.207 0.2011 0.1964 0.1999 0.2091 0.22 0.2254 0.2316 0.2398 0.2151 0.2367 0.2173 0.2578 0.2253 0.2351 0.2605 0.2608 0.3026 0.2886 0.2834 0.3573 0.3471 0.3894 0.3394 0.3649 0.3595 0.4047 0.3683 0.3652 0.4169 0.4578 0.4489 0.4498 0.4847 0.4868 0.4892 0.4998 0.5276 0.5598 0.5651 0.5605 0.5546 0.5452 0.5441 0.5519 0.5596 0.58 0.5995 0.5999 0.6058 0.612 0.6173 0.6002 0.5888 0.5996 0.6223 0.6222 0.6006 0.5944 0.6155 0.6351 0.6288 0.6501 0.6433 0.6184 0.6188 0.6367 0.6683 0.654 0.6495 0.6475 0.6417 0.6432 0.6597 0.6608 0.6922 0.6736 0.6692 0.6718 0.6637 0.6686 0.682 0.6893 0.6956 0.6984 0.6914 0.6772 0.6774 0.6874 0.6989 0.7103 0.7154 0.7124 0.6985 0.6968 0.6998 0.7117 0.721 0.7187 0.7144 0.7152 0.7067 0.7002 0.7044 0.7168 0.7216 0.7204 0.7289 0.7122 0.7075 0.723 0.7294 0.7294 0.728 0.7273 0.7268 0.7198 0.7336 0.7338 0.7274 0.7277 0.7368 0.7384 0.7362 0.7348 0.7389 0.7392 0.7428 0.7407 0.7402 0.7357 0.7372 0.7433 0.7473 0.745 0.7472 0.7475 0.7462 0.7462 0.7448 0.7438 0.75 0.7506 0.7528 0.7536 0.7536 0.7538 0.7534 0.7545 0.7564 0.7543 0.7567 0.7557 0.7541 0.7491 0.7489 0.7555 0.7595 0.7595 0.7633 0.7671 0.767 0.7684 0.7666 0.7673 0.761 0.7693 0.7636 0.767 0.7624 0.7579 0.7709 0.7699 0.7661 0.7595 0.7714 0.7668 0.7697 0.7674 0.7593 0.7707 0.7747 0.7714 0.776 0.7732 0.7762 0.7758 0.7731 0.7688 0.7726 0.7763 0.7787 0.773 0.777 0.78 0.7809 0.7826 0.7789 0.7824 0.7798 0.7763 0.781 0.7738 0.7756 0.784 0.7821 0.7819 0.7836 0.7793 0.7827 0.7815 0.7834 0.7844 0.7835 0.7833 0.7867 0.7862 0.7852 0.7881 0.7866 0.7807 
clear_krum_acc_worker_mnist
0 
clear_krum_acc_worker_mnist
0 
clear_krum_acc_worker_mnist
0 
clear_krum_acc_worker_mnist
0 
clear_krum_acc_worker_mnist
0 
clear_krum_acc_worker_mnist
0 
clear_krum_acc_worker_mnist
0 
clear_krum_acc_worker_mnist
0 
clear_krum_acc_worker_mnist
0 
clear_krum_acc_worker_mnist
0 0.1 0.1 0.1 0.1 0.1 0.1 0.1 0.1002 0.1 0.1 0.1321 0.1926 0.1101 0.1549 0.1188 0.2042 0.2028 0.197 0.1957 0.2032 0.2072 0.2089 0.2125 0.2218 0.2282 0.2252 0.2329 0.234 0.2395 0.2719 0.2825 0.2869 0.3538 0.2951 0.2944 0.2954 0.3444 0.4052 0.3674 0.3717 0.4398 0.4259 0.4144 0.4248 0.4304 0.4448 0.4786 0.4562 0.4949 0.5132 0.5173 0.5402 0.5545 0.5551 0.5595 0.5646 0.5632 0.5619 0.5601 0.5619 0.5601 0.5727 0.603 0.6048 0.6139 0.627 0.6053 0.5918 0.5984 0.6177 0.6397 0.6405 0.6099 0.5942 0.6058 0.6286 0.6491 0.6569 0.6627 0.6581 0.6473 0.6493 0.664 0.6755 0.669 0.664 0.6573 0.6572 0.6686 0.6819 0.6782 0.6706 0.6781 0.6872 0.6877 0.6793 0.6876 0.6861 0.6959 0.6964 0.6827 0.6767 0.6835 0.6943 0.7073 0.7067 0.7107 0.7157 0.7107 0.7037 0.7009 0.7065 0.7088 0.7199 0.7235 0.726 0.7215 0.7246 0.7198 0.7178 0.7138 0.7291 0.7298 0.7317 0.7278 0.7217 0.7327 0.7116 0.7306 0.7223 0.7285 0.7375 0.7264 0.7366 0.7294 0.7272 0.7351 0.733 0.7349 0.7426 0.7409 0.7425 0.7417 0.7378 0.7434 0.7417 0.7379 0.7438 0.7486 0.7484 0.7514 0.7505 0.7505 0.7483 0.7466 0.7504 0.7524 0.7502 0.7513 0.7522 0.7526 0.7487 0.75 0.7492 0.7468 0.7571 0.7572 0.7537 0.7495 0.7556 0.7601 0.7513 0.7549 0.7639 0.7621 0.7569 0.7599 0.7597 0.7626 0.7618 0.7639 0.7661 0.762 0.7633 0.7584 0.7629 0.7667 0.7623 0.7628 0.769 0.7704 0.7638 0.7688 0.7662 0.7655 0.7671 0.7669 0.7735 0.7658 0.7666 0.7725 0.7678 0.7727 0.7696 0.7709 0.7664 0.7707 0.7751 0.7734 0.7721 0.7703 0.7793 0.7744 0.7763 0.7824 0.7757 0.7765 0.7788 0.7825 0.7834 0.7828 0.7799 0.7788 0.7777 0.7797 0.7799 0.7834 0.7802 0.7781 0.7827 0.7824 0.7734 0.7809 0.7835 0.7733 
clear_krum_acc_worker_mnist
0 
clear_krum_acc_worker_mnist
0 
clear_krum_acc_worker_mnist
0 
clear_krum_acc_worker_mnist
0 
clear_krum_acc_worker_mnist
0 
clear_krum_acc_worker_mnist
0 
clear_krum_acc_worker_mnist
0 
clear_krum_acc_worker_mnist
0 
clear_krum_acc_worker_mnist
0 
clear_krum_acc_worker_mnist
0 0.1 0.1 0.1 0.1 0.1 0.1 0.1 0.1 0.1 0.1 0.1 0.1 0.1 0.1 0.1 0.1 0.1 0.1 0.1 0.1 0.1 0.1 0.1 0.1 0.1 0.1 0.1 0.1 0.1 0.1 0.1 0.1 0.1 0.1 0.1 0.1 0.1 0.1 0.1 0.1524 0.1 0.1 0.1 0.1 0.1 0.1 0.1 0.1 0.1 0.1 0.1 0.1 0.1 0.1 0.1 0.1001 0.1 0.1 0.1 0.1 0.1 0.1 0.1 0.1047 0.1 0.1 0.1 0.1 0.1 0.1 0.1 0.1 0.1 0.1 0.1 0.1 0.1 0.1 0.1 0.1 0.0923 0.1 0.1081 0.1 0.0999 0.11 0.1 0.1 0.1829 0.1 0.1 0.1 0.1 0.1 0.1 0.1079 0.1664 0.1 0.1 0.1 0.1 0.1012 0.1 0.1069 0.1443 0.1 0.1 0.1 0.1 0.1 0.1 0.0995 0.1003 0.1 0.1 0.1263 0.1121 0.1 0.1 0.1 0.1592 0.1001 0.1004 0.1106 0.1244 0.1632 0.1035 0.14 0.1234 0.1032 0.145 0.2093 0.1126 0.1546 0.1745 0.1054 0.1754 0.1754 0.1091 0.1678 0.1887 0.1007 0.1949 0.1667 0.1187 0.1022 0.1612 0.2122 0.1946 0.2391 0.1873 0.1731 0.1811 0.1673 0.1405 0.1882 0.2854 0.1687 0.207 0.2116 0.2594 0.3018 0.2816 0.2136 0.1901 0.1849 0.1961 0.2786 0.3551 0.3135 0.2994 0.3055 0.3662 0.3928 0.3978 0.3957 0.3999 0.4177 0.3994 0.3549 0.3354 0.3535 0.3503 0.3383 0.3797 0.4224 0.4345 0.4565 0.443 0.4227 0.4195 0.423 0.4319 0.4375 0.437 0.4552 0.4627 0.4904 0.5163 0.5323 0.5207 0.4917 0.4861 0.498 0.506 0.4989 0.4822 0.4701 0.4733 0.4809 0.4723 0.4826 0.477 0.4841 0.502 0.5209 0.5374 0.5488 0.5462 0.5539 0.5313 0.53 0.5295 0.5319 0.5409 0.5524 0.5625 0.5411 0.518 0.5251 0.5394 0.553 0.5641 0.5705 0.5743 
clear_krum_acc_worker_mnist
0 
clear_krum_acc_worker_mnist
0 
clear_krum_acc_worker_mnist
0 
clear_krum_acc_worker_mnist
0 
clear_krum_acc_worker_mnist
0 
clear_krum_acc_worker_mnist
0 
clear_krum_acc_worker_mnist
0 
clear_krum_acc_worker_mnist
0 
clear_krum_acc_worker_mnist
0 
clear_krum_acc_worker_mnist
0 0.1 0.1 0.1 0.1 0.1 0.1 0.1 0.1 0.1 0.1 0.1 0.1 0.1 0.1 0.1 0.1 0.1 0.1 0.1 0.1 0.1 0.1 0.1 0.1 0.1 0.1 0.1 0.1 0.1 0.1213 0.1 0.1 0.1004 0.1 0.1 0.1 0.1 0.1 0.1 0.1 0.091 0.0998 0.1 0.1 0.1 0.1 0.1 0.1 0.1 0.1 0.1 0.1 0.1 0.1 0.1 0.1392 0.0994 0.1 0.1 0.1 0.0977 0.0601 0.1 0.1 0.1 0.1 0.1 0.1 0.1 0.1 0.1 0.1 0.0949 0.1 0.1 0.1 0.1 0.1 0.1143 0.1 0.1 0.1 0.1 0.1 0.1 0.1 0.1 0.1918 0.1 0.1001 0.1 0.1 0.1 0.1 0.1001 0.096 0.0973 0.1002 0.1 0.1003 0.192 0.1095 0.1 0.1 0.1 0.1 0.1035 0.1 0.1 0.0994 0.1 0.0866 0.1 0.1 0.1 0.1 0.1 0.1 0.1167 0.1442 0.0801 0.0973 0.1 0.1021 0.1 0.1 0.1025 0.1 0.1 0.1 0.0995 0.1254 0.1 0.1 0.1 0.1 0.1 0.1 0.1907 0.1221 0.1 0.1 0.1056 0.1 0.1 0.1 0.1768 0.1 0.1 0.1 0.1 0.1 0.1 0.1 0.1 0.1 0.1149 0.141 0.1747 0.1016 0.1432 0.1587 0.1681 0.1869 0.1358 0.1002 0.1 0.1 0.1062 0.1561 0.1 0.1 0.1 0.1 0.1 0.1138 0.2646 0.1803 0.1686 0.1821 0.2674 0.3628 0.3362 0.2987 0.2803 0.27 0.3385 0.2679 0.1874 0.1431 0.246 0.3241 0.2972 0.2503 0.28 0.3068 0.2369 0.1817 0.1597 0.1247 0.1319 0.2183 0.333 0.3261 0.2938 0.2377 0.2338 0.2546 0.2574 0.3066 0.3447 0.2992 0.2789 0.2972 0.3954 0.3872 0.3065 0.288 0.3133 0.3503 0.3909 0.411 0.3789 0.3932 0.4256 0.4747 0.4418 0.4319 0.4278 0.4223 0.4387 0.3941 0.3784 0.3966 0.4143 
clear_krum_acc_worker_mnist
0 
clear_krum_acc_worker_mnist
0 
clear_krum_acc_worker_mnist
0 
clear_krum_acc_worker_mnist
0 
clear_krum_acc_worker_mnist
0 
clear_krum_acc_worker_mnist
0 
clear_krum_acc_worker_mnist
0 
clear_krum_acc_worker_mnist
0 
clear_krum_acc_worker_mnist
0 
clear_krum_acc_worker_mnist
0 0.1 0.1 0.1 0.1 0.1 0.1 0.1 0.1 0.1 0.1 0.1 0.1 0.1 0.1 0.1 0.1 0.1 0.1 0.176 0.1 0.1 0.1 0.1 0.1 0.1 0.1 0.1 0.1 0.1 0.1 0.1 0.1 0.1 0.1 0.1 0.1 0.1 0.1 0.1 0.1 0.1057 0.1077 0.1 0.1 0.1 0.0906 0.1 0.1 0.1 0.1 0.1 0.1 0.1 0.1 0.1 0.1 0.1 0.1 0.1028 0.1 0.1 0.1 0.1113 0.1013 0.1 0.1 0.0992 0.0984 0.1001 0.1207 0.0842 0.1564 0.1 0.1 0.1 0.1 0.1 0.1 0.1 0.1 0.1 0.1 0.1 0.1 0.1 0.1 0.1 0.1 0.1 0.1 0.1 0.1 0.1 0.1 0.1 0.1 0.0989 0.1 0.1 0.1 0.1 0.0978 0.0998 0.036 0.0726 0.0879 0.0999 0.1 0.0231 0.1 0.0782 0.1 0.1 0.1 0.0999 0.1012 0.1 0.1019 0.1 0.1 0.0987 0.1 0.1 0.1 0.1 0.1 0.1044 0.1 0.1 0.1 0.1474 0.1001 0.1 0.1001 0.1 0.1 0.1005 0.1776 0.1404 0.1389 0.1412 0.1188 0.1018 0.1142 0.1006 0.0545 0.0997 0.0997 0.0997 0.1 0.1 0.1 0.0998 0.1089 0.1425 0.1005 0.1262 0.11 0.1292 0.12 0.1004 0.1 0.1 0.1 0.1 0.1 0.1016 0.1369 0.1307 0.1626 0.157 0.1288 0.1 0.1 0.1495 0.1 0.1 0.1 0.1 0.1 0.1874 0.1036 0.1231 0.141 0.1562 0.1011 0.1004 0.1184 0.1037 0.117 0.1128 0.1199 0.1515 0.1533 0.1419 0.1001 0.1 0.1134 0.1693 0.131 0.1748 0.2684 0.2178 0.1833 0.1494 0.1452 0.1404 0.1609 0.1 0.0999 0.1255 0.1607 0.1821 0.1841 0.1863 0.188 0.1037 0.1009 0.0965 0.1047 0.1033 0.1151 0.1357 0.1678 0.1952 0.1922 0.1713 0.1501 0.1269 0.1876 0.2018 0.2774 0.3013 0.2725 0.2505 
clear_krum_acc_worker_mnist
0 
clear_krum_acc_worker_mnist
0 
clear_krum_acc_worker_mnist
0 
clear_krum_acc_worker_mnist
0 
clear_krum_acc_worker_mnist
0 
clear_krum_acc_worker_mnist
0 
clear_krum_acc_worker_mnist
0 
clear_krum_acc_worker_mnist
0 
clear_krum_acc_worker_mnist
0 
clear_krum_acc_worker_mnist
0 0.1 0.1 0.1 0.1 0.1 0.1 0.1 0.1 0.1 0.1 0.1 0.1 0.1 0.1 0.1 0.1 0.1 0.1 0.1 0.1 0.1 0.1 0.1 0.1 0.1 0.1 0.1 0.1 0.1 0.1 0.1 0.1 0.1001 0.1 0.1 0.1 0.1365 0.1 0.1 0.1178 0.0987 0.1 0.1 0.1 0.1 0.1 0.1 0.1 0.1 0.1 0.1 0.1002 0.1 0.1 0.1 0.1 0.1 0.1 0.0998 0.1029 0.143 0.1 0.1 0.1 0.1 0.1 0.1 0.1 0.1 0.0737 0.1 0.1007 0.1 0.1 0.1 0.1 0.1 0.1 0.1 0.1097 0.1005 0.1151 0.0982 0.1002 0.1111 0.1035 0.1 0.1017 0.1258 0.1 0.1 0.1 0.1 0.1 0.1 0.1001 0.1 0.1 0.1473 0.1 0.1 0.1 0.1399 0.1019 0.1348 0.1004 0.1022 0.0934 0.1 0.1 0.1 0.1 0.1 0.1 0.1 0.1 0.1 0.1 0.1 0.1494 0.1 0.1 0.1001 0.1054 0.1173 0.1006 0.1 0.1 0.1 0.1 0.1 0.1 0.1481 0.1319 0.1 0.0998 0.0998 0.1 0.1 0.1 0.1 0.1176 0.1 0.1 0.1 0.1 0.1 0.1 0.1 0.1 0.1 0.1003 0.1 0.1 0.1 0.1 0.1 0.1 0.1 0.0999 0.0919 0.1077 0.1 0.1 0.1 0.1 0.1001 0.1001 0.1345 0.1196 0.1014 0.1644 0.1343 0.1128 0.1287 0.1 0.1 0.1 0.1 0.1 0.1 0.1 0.0889 0.0999 0.1 0.1 0.1148 0.1006 0.1 0.1 0.1 0.1572 0.1057 0.1 0.1 0.1 0.1 0.1 0.1 0.1 0.1512 0.1006 0.1 0.1 0.1 0.1 0.1038 0.1228 0.1535 0.1797 0.1388 0.1092 0.1 0.1 0.1 0.1011 0.129 0.1103 0.1035 0.1006 0.1049 0.1562 0.1379 0.168 0.1439 0.1204 0.1242 0.1224 0.123 0.1335 0.1751 0.1007 0.1 0.0998 0.0997 
clear_krum_acc_worker_mnist
0 
clear_krum_acc_worker_mnist
0 
clear_krum_acc_worker_mnist
0 
clear_krum_acc_worker_mnist
0 
clear_krum_acc_worker_mnist
0 
clear_krum_acc_worker_mnist
0 
clear_krum_acc_worker_mnist
0 
clear_krum_acc_worker_mnist
0 
clear_krum_acc_worker_mnist
0 
clear_krum_acc_worker_mnist
0 0.1 0.1 0.1 0.1 0.1 0.1 0.1 0.1 0.1 0.1 0.1 0.1 0.1 0.1 0.1 0.1 0.1 0.1 0.1 0.1 0.1 0.1 0.1 0.1 0.1 0.1 0.1 0.1 0.1 0.1 0.1 0.1 0.1 0.1 0.1 0.1 0.1 0.1 0.1 0.1 0.1 0.1 0.1 0.1001 0.1 0.0834 0.1 0.1 0.1 0.1 0.1 0.0931 0.1 0.1 0.1 0.1 0.1 0.1 0.1003 0.102 0.1 0.1 0.1 0.1 0.1 0.1 0.1 0.1 0.0987 0.0539 0.1 0.1 0.1 0.1 0.1 0.1 0.1 0.1 0.1 0.1 0.1024 0.0706 0.1 0.1 0.1 0.1 0.1 0.1 0.095 0.0883 0.1 0.1236 0.1305 0.1014 0.1 0.1 0.1 0.1 0.1 0.1 0.1 0.1 0.1 0.1 0.1 0.1 0.1 0.1 0.1337 0.0942 0.0982 0.0955 0.1 0.1 0.1001 0.1181 0.1002 0.1 0.0501 0.0535 0.0986 0.1 0.0986 0.07 0.0979 0.0628 0.1 0.1 0.1 0.1 0.1 0.1 0.1 0.1 0.1 0.1 0.1 0.1007 0.1 0.1 0.1 0.1 0.1 0.1 0.0995 0.1026 0.1018 0.1028 0.0981 0.1018 0.0991 0.0955 0.0943 0.1312 0.1015 0.0999 0.1 0.1 0.1 0.1 0.1 0.1 0.095 0.1012 0.1027 0.1029 0.1 0.1 0.1 0.1 0.1 0.1 0.0982 0.1046 0.0888 0.1 0.1 0.0972 0.0988 0.0986 0.1032 0.1207 0.1013 0.1003 0.1001 0.1001 0.1137 0.1064 0.1 0.1 0.1 0.1 0.1 0.1 0.099 0.0862 0.1009 0.1066 0.1083 0.1086 0.1079 0.1037 0.0998 0.0998 0.104 0.1241 0.1239 0.1192 0.1006 0.1 0.1 0.1 0.1027 0.1118 0.1 0.1 0.1 0.1 0.1 0.1 0.1 0.1 0.1147 0.101 0.0867 0.1035 0.1008 0.1292 0.1153 0.1415 0.111 0.1 0.1 0.1 0.1 
clear_krum_acc_worker_mnist
0 
clear_krum_acc_worker_mnist
0 
clear_krum_acc_worker_mnist
0 
clear_krum_acc_worker_mnist
0 
clear_krum_acc_worker_mnist
0 
clear_krum_acc_worker_mnist
0 
clear_krum_acc_worker_mnist
0 
clear_krum_acc_worker_mnist
0 
clear_krum_acc_worker_mnist
0 
clear_krum_acc_worker_mnist
0 0.1 0.1 0.1 0.1 0.1 0.1 0.1 0.1 0.1 0.1 0.1 0.1 0.1 0.1 0.1 0.1 0.1 0.1 0.1 0.1 0.1 0.1 0.1 0.1 0.1 0.1 0.1 0.0998 0.1 0.1 0.1 0.1 0.1 0.1 0.1 0.1 0.1 0.1 0.1 0.0798 0.1 0.1 0.1 0.1 0.1 0.1 0.1 0.0995 0.1 0.1 0.1 0.0836 0.1 0.1 0.1 0.1 0.1 0.1 0.1013 0.1 0.1001 0.1001 0.1001 0.1 0.1 0.1 0.1 0.1 0.1 0.1 0.1 0.1325 0.1069 0.0994 0.1 0.1 0.1 0.1 0.1 0.1 0.1 0.1 0.1 0.1 0.1 0.1 0.1 0.1161 0.1127 0.1001 0.1 0.1 0.1 0.1 0.1 0.1 0.1 0.1002 0.0976 0.1 0.1 0.1 0.1 0.1 0.1 0.1 0.1 0.1 0.1 0.1 0.1 0.1 0.1 0.0998 0.1 0.1 0.1 0.1 0.1 0.1 0.1 0.1 0.1 0.1 0.1 0.0995 0.1015 0.1 0.1 0.1 0.1 0.1 0.1 0.1 0.1 0.1 0.1 0.1 0.1 0.05 0.0994 0.1 0.1 0.1001 0.1421 0.1 0.1 0.1 0.1 0.1 0.1011 0.1009 0.1023 0.1037 0.1045 0.1074 0.1121 0.1038 0.0959 0.1015 0.102 0.1312 0.2045 0.1 0.1 0.1 0.1 0.1 0.1 0.1003 0.1102 0.1007 0.1 0.1 0.1 0.1014 0.1049 0.1 0.1 0.1001 0.1133 0.1339 0.1405 0.1411 0.1003 0.1 0.1 0.1 0.1 0.1 0.1 0.1 0.1 0.1 0.1 0.1 0.1 0.1 0.1 0.1006 0.1211 0.1398 0.2085 0.1773 0.1812 0.182 0.182 0.1796 0.1752 0.1626 0.1759 0.242 0.1364 0.1052 0.1059 0.1205 0.1537 0.1256 0.105 0.1005 0.1 0.1261 0.1917 0.1205 0.1004 0.1 0.1001 0.1001 0.1 0.1001 0.1009 0.1061 0.1207 0.1303 0.1858 
clear_krum_acc_worker_mnist
0 
clear_krum_acc_worker_mnist
0 
clear_krum_acc_worker_mnist
0 
clear_krum_acc_worker_mnist
0 
clear_krum_acc_worker_mnist
0 
clear_krum_acc_worker_mnist
0 
clear_krum_acc_worker_mnist
0 
clear_krum_acc_worker_mnist
0 
clear_krum_acc_worker_mnist
0 
clear_krum_acc_worker_mnist
0 0.1 0.1 0.1 0.1 0.1 0.1 0.1 0.1 0.1 0.1 0.1 0.1 0.1 0.1 0.1 0.1 0.1 0.1 0.1 0.1 0.1 0.1 0.1 0.1 0.1 0.1 0.1 0.1 0.1 0.1 0.0996 0.0998 0.1 0.1 0.1 0.1 0.1 0.1 0.1 0.1 0.1 0.1 0.1 0.1 0.1 0.1 0.1 0.1 0.1 0.1 0.1 0.1 0.1 0.1 0.1158 0.1231 0.1 0.1 0.1 0.1 0.1 0.1 0.1 0.1 0.1 0.1 0.1 0.1 0.1 0.1 0.1 0.1 0.1 0.1 0.1 0.1 0.1001 0.1 0.1 0.1 0.1 0.1 0.1 0.1 0.1 0.1 0.1 0.1 0.1 0.1 0.1 0.1 0.1 0.1 0.1 0.1 0.1 0.1 0.1 0.1 0.1 0.0757 0.1 0.1 0.1 0.1 0.1 0.1 0.1 0.1 0.1 0.1 0.1 0.1 0.1 0.0998 0.0872 0.0612 0.1 0.1 0.1 0.1 0.1 0.1 0.1 0.1 0.1 0.1 0.1 0.1 0.1 0.1 0.1 0.1 0.1 0.1 0.1 0.0998 0.0998 0.0998 0.1011 0.1003 0.1 0.1 0.1 0.1 0.1 0.1 0.1 0.1 0.1 0.1 0.1 0.1 0.1 0.1 0.1 0.1 0.1 0.1068 0.0966 0.0662 0.0953 0.1 0.1 0.1 0.1 0.1 0.1 0.1 0.1 0.1 0.1 0.1 0.1374 0.151 0.104 0.1 0.1 0.1 0.1 0.1 0.1007 0.1106 0.1151 0.1312 0.1638 0.1643 0.1547 0.118 0.1003 0.1142 0.1 0.1 0.1 0.1 0.1001 0.1327 0.1361 0.1 0.0998 0.0998 0.0993 0.0999 0.0995 0.1 0.1 0.1 0.1001 0.0922 0.0438 0.0823 0.0954 0.1 0.1 0.1001 0.102 0.1414 0.1055 0.1013 0.1001 0.1001 0.1 0.1 0.1 0.1 0.1 0.1 0.1001 0.1104 0.1668 0.1451 0.1009 0.0995 0.0999 
