clear_flguard_acc_worker_mnist
0 
clear_flguard_acc_worker_mnist
0 
clear_flguard_acc_worker_mnist
0 
clear_flguard_acc_worker_mnist
0 
clear_flguard_acc_worker_mnist
0 
clear_flguard_acc_worker_mnist
0 
clear_flguard_acc_worker_mnist
0 
clear_flguard_acc_worker_mnist
0 
clear_flguard_acc_worker_mnist
0 
clear_flguard_acc_worker_mnist
0 0.1135 0.1028 0.1028 0.1028 0.0974 0.101 0.1009 0.1135 0.1135 0.1135 0.098 0.098 0.1028 0.1028 0.1028 0.1028 0.0892 0.0892 0.1135 0.1135 0.1135 0.1135 0.098 0.098 0.098 0.098 0.101 0.1028 0.1028 0.1028 0.1028 0.1028 0.1135 0.1135 0.1135 0.1135 0.098 0.098 0.098 0.098 0.0958 0.0958 0.204 0.1135 0.1135 0.1135 0.1135 0.1135 0.1135 0.1135 0.1135 0.1135 0.1362 0.1987 0.1886 0.0958 0.0982 0.1933 0.2957 0.2572 0.2583 0.1989 0.2069 0.2577 0.2802 0.3123 0.2709 0.2682 0.2819 0.2923 0.2999 0.2877 0.3238 0.4094 0.4577 0.4641 0.4426 0.4591 0.4638 0.4506 0.4693 0.5001 0.5284 0.5692 0.5983 0.6117 0.6224 0.6187 0.6517 0.6829 0.7032 0.7256 0.7297 0.7445 0.7528 0.7561 0.7689 0.7783 0.788 0.8054 0.8035 0.8082 0.8229 0.8154 0.8261 0.8477 0.8499 0.8564 0.8513 0.8517 0.8662 0.8687 0.8742 0.874 0.8728 0.8833 0.8848 0.8875 0.8899 0.8867 0.8984 0.8983 0.8929 0.9046 0.9043 0.8949 0.904 0.9134 0.9114 0.9134 0.9186 0.9189 0.9176 0.9238 0.9248 0.9232 0.9278 0.9293 0.9266 0.9292 0.929 0.9327 0.9338 0.9301 0.9341 0.9352 0.9358 0.9338 0.9355 0.9411 0.9396 0.9374 0.9396 0.9435 0.9436 0.9416 0.9425 0.9451 0.9469 0.9467 0.9449 0.9463 0.9492 0.9492 0.9476 0.9485 0.9497 0.9503 0.952 0.9526 0.9524 0.9514 0.951 0.9537 0.9521 0.9518 0.9558 0.9557 0.9562 0.9572 0.9568 0.9591 0.9566 0.9562 0.9604 0.9581 0.9589 0.9604 0.9604 0.9611 0.9622 0.9627 0.9625 0.9622 0.9617 0.9634 0.9639 0.9619 0.9609 0.9623 0.9642 0.9654 0.9658 0.9647 0.9644 0.9668 0.9645 0.9613 0.9604 0.9648 0.967 0.967 0.9663 0.9669 0.9664 0.9689 0.9652 0.9651 0.9689 0.9678 0.9683 0.9689 0.9673 0.9681 0.9694 0.9714 0.9693 0.9681 0.9693 0.9711 0.9693 0.9694 0.9702 0.9708 0.9722 
