1.291670301663821352e+00
1.412032404497015392e+00
1.467351294010899476e+00
1.522670170861575523e+00
1.577989059102521185e+00
1.633307944658985322e+00
1.688626842807215533e+00
1.743945714881793174e+00
1.799264604648718180e+00
1.854583486341966791e+00
1.909902373111274976e+00
1.963980360639810741e+00
1.989008350303011818e+00
2.013002680096964259e+00
2.036997016289255669e+00
2.060991343854853497e+00
2.084985673475285406e+00
2.108979999026298291e+00
2.132974335554009393e+00
2.156968664938554880e+00
2.180962995834693441e+00
2.204957319916973635e+00
2.228951654712432173e+00
2.252945987423669472e+00
2.276940317656578117e+00
2.300934644216428460e+00
2.324928970666225059e+00
2.348923304041651061e+00
2.372917626882958153e+00
2.396911965687620771e+00
2.420906296218074072e+00
2.444900622412620184e+00
2.468894948560079072e+00
2.492889281433824600e+00
2.516883621071913879e+00
2.540877941803496576e+00
2.564872278175803100e+00
2.588866600995962219e+00
2.612860926686888963e+00
2.636855259726881062e+00
2.660849592180665191e+00
2.684843921044249626e+00
2.708838246183625564e+00
2.732832581265798755e+00
2.756826909823148597e+00
2.780821235945709624e+00
2.804815570323030194e+00
2.828809898957435287e+00
2.852804224183008053e+00
2.876798550755827577e+00
