3.214181013607067428e+00
4.061970619763344281e+00
4.267756488379410129e+00
4.473542356995475089e+00
4.679328187892131119e+00
4.885114055861897064e+00
5.090899861238706414e+00
5.296685703603477791e+00
5.502471538648229910e+00
5.708257380156403826e+00
5.914043221664577743e+00
6.119829063172751660e+00
6.325614904680925576e+00
6.531400746189098605e+00
6.737186587697272522e+00
6.942972429205446439e+00
7.148758270713620355e+00
7.354544112221794272e+00
7.560329953729967301e+00
7.766115795238141217e+00
7.971901636746315134e+00
8.177687478254489051e+00
8.383473319762662967e+00
8.589259161270836884e+00
8.795045002779010801e+00
9.000830844287184718e+00
9.206616685795356858e+00
9.405060731170301835e+00
9.521971084148852071e+00
9.580520224607216306e+00
9.639069365065580541e+00
9.697618505523944776e+00
9.756167645982309011e+00
9.814716786440673246e+00
9.873265926899035705e+00
9.931815067357399940e+00
9.990364207815764175e+00
1.004891334827412841e+01
1.010746248873249264e+01
1.016601162919085688e+01
1.022456076964922111e+01
1.028310991010758535e+01
1.034165905056594958e+01
1.040020819102431382e+01
1.045875733148267805e+01
1.051730647194104229e+01
1.057585561239940652e+01
1.063440475285777076e+01
1.069295389331613499e+01
1.075150303377449923e+01
