1.672640496659375309e+00
1.936925096349411790e+00
2.066846617324365365e+00
2.196768124392404875e+00
2.326689642400932900e+00
2.456611155181166239e+00
2.586532673217271316e+00
2.716454184947139971e+00
2.844969422111994106e+00
2.907182456324489905e+00
2.965867370629478472e+00
3.024552297623589681e+00
3.083237222009007183e+00
3.141922145285664492e+00
3.200607057793720678e+00
3.259291969971855885e+00
3.317976885961995581e+00
3.376661802847688243e+00
3.435346726541626872e+00
3.494031649191320810e+00
3.552716562724048011e+00
3.611401487092086526e+00
3.670086405106762761e+00
3.728771325767794131e+00
3.787456242459964706e+00
3.846141165792813510e+00
3.904826068066481248e+00
3.963511005784619901e+00
4.022195909451824924e+00
4.080880847867105032e+00
4.139565755090282906e+00
4.198250661546907736e+00
4.256935580043283096e+00
4.315620498539657568e+00
4.374305417036032928e+00
4.432990335532408288e+00
4.491675254028782760e+00
4.550360172525158120e+00
4.609045091021533480e+00
4.667730009517907952e+00
4.726414928014283312e+00
4.785099846510657784e+00
4.843784765007033144e+00
4.902469683503408504e+00
4.961154601999783864e+00
5.019839520496159224e+00
5.078524438992533696e+00
5.137209358002951198e+00
5.193316531977313133e+00
5.236079150388643910e+00
