2.667866520913574124e+00
3.015399766966605277e+00
3.362933026466771835e+00
3.710466260732053989e+00
4.057999508499340990e+00
4.232142577630560787e+00
4.329099860147118228e+00
4.426057142663676558e+00
4.523014425180233999e+00
4.619971698772566526e+00
4.716928990213348882e+00
4.813886251086016088e+00
4.910843514944713384e+00
5.007800787433408729e+00
5.104758064395308992e+00
5.201715332410798531e+00
5.298672667098760058e+00
5.395629921400713513e+00
5.492587201149438769e+00
5.589544482799951197e+00
5.686501736442000521e+00
5.783458962251264879e+00
5.880416234850200041e+00
5.977373507449136980e+00
6.074330780048073919e+00
6.171288052647009081e+00
6.268245325245946020e+00
6.365202597844882959e+00
6.462159870443818122e+00
6.559117143042755060e+00
6.656074415641691111e+00
6.753031688240627162e+00
6.849988960839564101e+00
6.946946233438500151e+00
7.043903506037436202e+00
7.140860778636373141e+00
7.237818051235309191e+00
7.334775323834245242e+00
7.431732596433182181e+00
7.528689869032118231e+00
7.625647141631054282e+00
7.722604414229991221e+00
7.819561686828926383e+00
7.916518959427863322e+00
8.013476232026800261e+00
8.110433504625735424e+00
8.207390777224672362e+00
8.304348049823609301e+00
8.401305322422544464e+00
8.498262595021481403e+00
