1.000000000000000056e-01
1.000000000000000056e-01
1.000000000000000056e-01
1.000000000000000056e-01
1.000000000000000056e-01
1.110000000000000014e-01
1.010000000000000064e-01
1.419999999999999873e-01
2.280000000000000082e-01
2.129999999999999949e-01
2.399999999999999911e-01
2.889999999999999791e-01
5.120000000000000107e-01
5.610000000000000542e-01
6.039999999999999813e-01
6.899999999999999467e-01
7.149999999999999689e-01
7.069999999999999618e-01
7.520000000000000018e-01
7.680000000000000160e-01
7.980000000000000426e-01
8.050000000000000488e-01
8.010000000000000453e-01
8.060000000000000497e-01
8.219999999999999529e-01
8.339999999999999636e-01
8.449999999999999734e-01
8.549999999999999822e-01
8.609999999999999876e-01
8.669999999999999929e-01
8.709999999999999964e-01
8.689999999999999947e-01
8.820000000000000062e-01
8.719999999999999973e-01
8.760000000000000009e-01
8.850000000000000089e-01
8.820000000000000062e-01
8.790000000000000036e-01
8.790000000000000036e-01
8.860000000000000098e-01
8.940000000000000169e-01
9.020000000000000240e-01
9.060000000000000275e-01
9.060000000000000275e-01
9.030000000000000249e-01
9.060000000000000275e-01
9.090000000000000302e-01
9.120000000000000329e-01
9.190000000000000391e-01
9.230000000000000426e-01
