1.000000000000000056e-01
1.000000000000000056e-01
1.000000000000000056e-01
1.000000000000000056e-01
1.000000000000000056e-01
1.000000000000000056e-01
1.439999999999999891e-01
2.790000000000000258e-01
1.920000000000000040e-01
1.739999999999999880e-01
3.009999999999999898e-01
2.849999999999999756e-01
4.030000000000000249e-01
4.799999999999999822e-01
5.510000000000000453e-01
6.079999999999999849e-01
6.119999999999999885e-01
7.169999999999999707e-01
7.770000000000000240e-01
7.920000000000000373e-01
8.179999999999999494e-01
8.159999999999999476e-01
8.030000000000000471e-01
7.820000000000000284e-01
8.259999999999999565e-01
8.459999999999999742e-01
8.319999999999999618e-01
8.509999999999999787e-01
8.409999999999999698e-01
8.519999999999999796e-01
8.629999999999999893e-01
8.569999999999999840e-01
8.629999999999999893e-01
8.739999999999999991e-01
8.709999999999999964e-01
8.910000000000000142e-01
9.090000000000000302e-01
8.940000000000000169e-01
9.010000000000000231e-01
9.090000000000000302e-01
9.030000000000000249e-01
9.110000000000000320e-01
9.230000000000000426e-01
9.260000000000000453e-01
9.240000000000000435e-01
9.230000000000000426e-01
9.220000000000000417e-01
9.260000000000000453e-01
9.210000000000000409e-01
9.240000000000000435e-01
