9.740000000000000047e-02
1.135000000000000037e-01
9.579999999999999627e-02
9.810000000000000664e-02
9.819999999999999563e-02
1.250999999999999890e-01
1.693999999999999950e-01
9.819999999999999563e-02
9.819999999999999563e-02
2.119000000000000050e-01
1.602000000000000091e-01
2.671999999999999931e-01
2.336000000000000021e-01
3.039999999999999925e-01
4.822000000000000175e-01
5.012999999999999678e-01
3.781999999999999806e-01
4.642000000000000015e-01
5.556999999999999718e-01
6.191999999999999726e-01
6.918999999999999595e-01
7.492999999999999661e-01
7.352999999999999536e-01
7.645999999999999464e-01
7.719000000000000306e-01
7.672999999999999821e-01
7.858000000000000540e-01
8.028999999999999471e-01
7.912000000000000144e-01
8.101000000000000423e-01
8.223000000000000309e-01
8.175999999999999934e-01
8.201000000000000512e-01
8.206999999999999851e-01
8.208999999999999631e-01
8.286000000000000032e-01
8.356000000000000094e-01
8.318999999999999728e-01
8.474000000000000421e-01
8.417999999999999927e-01
8.447000000000000064e-01
8.499999999999999778e-01
8.501999999999999558e-01
8.517000000000000126e-01
8.579999999999999849e-01
8.572999999999999510e-01
8.604000000000000536e-01
8.767000000000000348e-01
8.809000000000000163e-01
8.820000000000000062e-01
