1.000000000000000056e-01
1.000000000000000056e-01
1.000000000000000056e-01
1.000000000000000056e-01
1.000000000000000056e-01
1.920000000000000040e-01
1.429999999999999882e-01
1.920000000000000040e-01
4.099999999999999756e-01
3.190000000000000058e-01
3.750000000000000000e-01
3.029999999999999916e-01
4.400000000000000022e-01
3.609999999999999876e-01
4.600000000000000200e-01
5.709999999999999520e-01
6.250000000000000000e-01
6.470000000000000195e-01
6.470000000000000195e-01
6.260000000000000009e-01
6.129999999999999893e-01
6.870000000000000551e-01
7.159999999999999698e-01
7.159999999999999698e-01
7.359999999999999876e-01
7.690000000000000169e-01
7.740000000000000213e-01
7.960000000000000409e-01
8.169999999999999485e-01
8.269999999999999574e-01
8.389999999999999680e-01
8.529999999999999805e-01
8.579999999999999849e-01
8.699999999999999956e-01
8.750000000000000000e-01
8.800000000000000044e-01
8.850000000000000089e-01
8.850000000000000089e-01
8.830000000000000071e-01
8.990000000000000213e-01
8.940000000000000169e-01
9.000000000000000222e-01
9.010000000000000231e-01
9.000000000000000222e-01
9.110000000000000320e-01
9.160000000000000364e-01
9.160000000000000364e-01
9.180000000000000382e-01
9.190000000000000391e-01
9.210000000000000409e-01
