1.032000000000000001e-01
1.028000000000000025e-01
2.020000000000000129e-01
1.998000000000000054e-01
3.105999999999999872e-01
3.688000000000000167e-01
5.635000000000000009e-01
6.856999999999999762e-01
7.500000000000000000e-01
7.896999999999999575e-01
8.228999999999999648e-01
8.496000000000000218e-01
8.712999999999999634e-01
8.925999999999999490e-01
9.069000000000000394e-01
9.176999999999999602e-01
9.305999999999999828e-01
9.381000000000000449e-01
9.431000000000000494e-01
9.483000000000000318e-01
9.516999999999999904e-01
9.546000000000000041e-01
9.570999999999999508e-01
9.595000000000000195e-01
9.629999999999999671e-01
9.640999999999999570e-01
9.654000000000000359e-01
9.676000000000000156e-01
9.686000000000000165e-01
9.688999999999999835e-01
9.695000000000000284e-01
9.694000000000000394e-01
9.721999999999999531e-01
9.717999999999999972e-01
9.718999999999999861e-01
9.728999999999999870e-01
9.727000000000000091e-01
9.733000000000000540e-01
9.747000000000000108e-01
9.755000000000000338e-01
9.752999999999999448e-01
9.746000000000000218e-01
9.750999999999999668e-01
9.758999999999999897e-01
9.765000000000000346e-01
9.767000000000000126e-01
9.767000000000000126e-01
9.770999999999999686e-01
9.777000000000000135e-01
9.780999999999999694e-01
