1.010000000000000064e-01
1.010000000000000064e-01
1.010000000000000064e-01
1.010000000000000064e-01
1.032000000000000001e-01
1.010000000000000064e-01
9.819999999999999563e-02
1.057000000000000023e-01
1.612000000000000099e-01
1.032000000000000001e-01
1.885000000000000009e-01
1.325000000000000067e-01
1.154000000000000026e-01
2.361999999999999933e-01
4.932000000000000273e-01
6.254999999999999449e-01
5.734000000000000208e-01
6.026000000000000245e-01
6.771000000000000352e-01
6.631000000000000227e-01
6.276000000000000467e-01
6.704999999999999849e-01
6.883000000000000229e-01
6.968999999999999639e-01
6.993000000000000327e-01
7.372999999999999554e-01
7.772000000000000020e-01
7.964999999999999858e-01
8.205000000000000071e-01
8.273000000000000353e-01
8.447000000000000064e-01
8.401999999999999469e-01
8.505000000000000338e-01
8.467000000000000082e-01
8.646000000000000352e-01
8.628000000000000114e-01
8.678000000000000158e-01
8.799000000000000155e-01
8.837000000000000410e-01
8.820000000000000062e-01
8.879000000000000226e-01
8.940000000000000169e-01
8.981999999999999984e-01
8.969000000000000306e-01
8.948000000000000398e-01
9.060000000000000275e-01
9.053999999999999826e-01
9.065999999999999615e-01
9.101000000000000201e-01
9.053999999999999826e-01
