9.579999999999999627e-02
9.579999999999999627e-02
1.032000000000000001e-01
9.579999999999999627e-02
9.579999999999999627e-02
1.028000000000000025e-01
1.010000000000000064e-01
9.819999999999999563e-02
1.028000000000000025e-01
1.032000000000000001e-01
1.135000000000000037e-01
1.032000000000000001e-01
1.010000000000000064e-01
9.800000000000000377e-02
1.009000000000000036e-01
9.579999999999999627e-02
1.028000000000000025e-01
9.579999999999999627e-02
1.009000000000000036e-01
1.010000000000000064e-01
9.800000000000000377e-02
1.135000000000000037e-01
9.800000000000000377e-02
9.800000000000000377e-02
9.579999999999999627e-02
1.009000000000000036e-01
1.135000000000000037e-01
1.009000000000000036e-01
1.010000000000000064e-01
1.028000000000000025e-01
9.579999999999999627e-02
9.740000000000000047e-02
1.009000000000000036e-01
1.135000000000000037e-01
9.740000000000000047e-02
1.010000000000000064e-01
9.819999999999999563e-02
1.028000000000000025e-01
8.920000000000000151e-02
1.135000000000000037e-01
9.819999999999999563e-02
1.009000000000000036e-01
1.028000000000000025e-01
1.028000000000000025e-01
1.028000000000000025e-01
1.135000000000000037e-01
9.819999999999999563e-02
8.920000000000000151e-02
1.009000000000000036e-01
1.010000000000000064e-01
