1.032000000000000001e-01
1.009000000000000036e-01
1.759000000000000008e-01
2.620000000000000107e-01
2.933999999999999941e-01
4.106000000000000205e-01
5.386999999999999567e-01
6.771000000000000352e-01
7.520999999999999908e-01
8.056999999999999718e-01
8.386000000000000121e-01
8.661999999999999700e-01
8.878000000000000336e-01
9.033999999999999808e-01
9.169000000000000483e-01
9.252000000000000224e-01
9.322000000000000286e-01
9.388999999999999568e-01
9.456999999999999851e-01
9.509999999999999565e-01
9.526000000000000023e-01
9.544000000000000261e-01
9.564000000000000279e-01
9.583000000000000407e-01
9.607999999999999874e-01
9.610999999999999543e-01
9.644000000000000350e-01
9.647999999999999909e-01
9.661999999999999478e-01
9.663000000000000478e-01
9.673000000000000487e-01
9.693000000000000504e-01
9.700999999999999623e-01
9.707999999999999963e-01
9.709999999999999742e-01
9.727999999999999980e-01
9.727000000000000091e-01
9.736000000000000210e-01
9.743000000000000549e-01
9.754000000000000448e-01
9.747999999999999998e-01
9.741999999999999549e-01
9.770999999999999686e-01
9.758999999999999897e-01
9.771999999999999575e-01
9.767000000000000126e-01
9.781999999999999584e-01
9.776000000000000245e-01
9.787000000000000144e-01
9.788999999999999924e-01
