1.000000000000000056e-01
1.000000000000000056e-01
1.000000000000000056e-01
1.000000000000000056e-01
1.000000000000000056e-01
1.859999999999999987e-01
1.000000000000000056e-01
1.580000000000000016e-01
3.350000000000000200e-01
3.760000000000000009e-01
4.670000000000000262e-01
5.180000000000000160e-01
5.210000000000000187e-01
5.629999999999999449e-01
6.860000000000000542e-01
7.049999999999999600e-01
7.419999999999999929e-01
7.419999999999999929e-01
7.169999999999999707e-01
7.419999999999999929e-01
7.790000000000000258e-01
7.760000000000000231e-01
7.850000000000000311e-01
7.910000000000000364e-01
8.050000000000000488e-01
8.299999999999999600e-01
8.309999999999999609e-01
8.389999999999999680e-01
8.519999999999999796e-01
8.569999999999999840e-01
8.599999999999999867e-01
8.599999999999999867e-01
8.609999999999999876e-01
8.599999999999999867e-01
8.709999999999999964e-01
8.729999999999999982e-01
8.800000000000000044e-01
8.880000000000000115e-01
9.020000000000000240e-01
9.000000000000000222e-01
9.020000000000000240e-01
9.020000000000000240e-01
8.980000000000000204e-01
8.970000000000000195e-01
8.940000000000000169e-01
8.930000000000000160e-01
8.990000000000000213e-01
9.050000000000000266e-01
9.100000000000000311e-01
9.110000000000000320e-01
