1.000000000000000056e-01
1.829999999999999960e-01
3.459999999999999742e-01
6.149999999999999911e-01
7.359999999999999876e-01
8.120000000000000551e-01
8.739999999999999991e-01
9.140000000000000346e-01
9.379999999999999449e-01
9.519999999999999574e-01
9.559999999999999609e-01
9.629999999999999671e-01
9.659999999999999698e-01
9.699999999999999734e-01
9.719999999999999751e-01
9.739999999999999769e-01
9.749999999999999778e-01
9.739999999999999769e-01
9.779999999999999805e-01
9.809999999999999831e-01
9.829999999999999849e-01
9.869999999999999885e-01
9.889999999999999902e-01
9.869999999999999885e-01
9.869999999999999885e-01
9.909999999999999920e-01
9.919999999999999929e-01
9.899999999999999911e-01
9.899999999999999911e-01
9.919999999999999929e-01
9.939999999999999947e-01
9.929999999999999938e-01
9.949999999999999956e-01
9.959999999999999964e-01
9.969999999999999973e-01
9.959999999999999964e-01
9.959999999999999964e-01
9.959999999999999964e-01
9.969999999999999973e-01
9.969999999999999973e-01
9.969999999999999973e-01
9.979999999999999982e-01
9.969999999999999973e-01
9.959999999999999964e-01
9.969999999999999973e-01
9.969999999999999973e-01
9.969999999999999973e-01
9.969999999999999973e-01
9.969999999999999973e-01
9.969999999999999973e-01
