9.800000000000000377e-02
1.135000000000000037e-01
1.135000000000000037e-01
8.920000000000000151e-02
8.920000000000000151e-02
8.920000000000000151e-02
8.920000000000000151e-02
1.754000000000000004e-01
8.920000000000000151e-02
8.920000000000000151e-02
8.920000000000000151e-02
8.920000000000000151e-02
1.708000000000000074e-01
1.406999999999999917e-01
1.680999999999999994e-01
1.948000000000000009e-01
1.854000000000000092e-01
3.342999999999999861e-01
3.825000000000000067e-01
4.446999999999999842e-01
4.968000000000000194e-01
6.101999999999999647e-01
6.264999999999999458e-01
6.480000000000000204e-01
6.221999999999999753e-01
5.646999999999999797e-01
6.580000000000000293e-01
6.757999999999999563e-01
6.815999999999999837e-01
6.334999999999999520e-01
6.497000000000000552e-01
7.207999999999999963e-01
7.158999999999999808e-01
6.889999999999999458e-01
6.786999999999999700e-01
7.176000000000000156e-01
7.336000000000000298e-01
7.456000000000000405e-01
8.071000000000000396e-01
8.135000000000000009e-01
7.997999999999999554e-01
8.186999999999999833e-01
8.551999999999999602e-01
8.595000000000000417e-01
8.679999999999999938e-01
8.625000000000000444e-01
8.669999999999999929e-01
8.649000000000000021e-01
8.659999999999999920e-01
8.716000000000000414e-01
