1.000000000000000056e-01
2.349999999999999867e-01
3.019999999999999907e-01
3.519999999999999796e-01
4.520000000000000129e-01
5.829999999999999627e-01
6.570000000000000284e-01
7.329999999999999849e-01
7.970000000000000417e-01
8.289999999999999591e-01
8.509999999999999787e-01
8.750000000000000000e-01
8.910000000000000142e-01
9.040000000000000258e-01
9.120000000000000329e-01
9.280000000000000471e-01
9.320000000000000506e-01
9.419999999999999485e-01
9.459999999999999520e-01
9.459999999999999520e-01
9.509999999999999565e-01
9.529999999999999583e-01
9.549999999999999600e-01
9.589999999999999636e-01
9.629999999999999671e-01
9.639999999999999680e-01
9.649999999999999689e-01
9.679999999999999716e-01
9.699999999999999734e-01
9.689999999999999725e-01
9.729999999999999760e-01
9.709999999999999742e-01
9.779999999999999805e-01
9.769999999999999796e-01
9.769999999999999796e-01
9.769999999999999796e-01
9.759999999999999787e-01
9.789999999999999813e-01
9.779999999999999805e-01
9.769999999999999796e-01
9.749999999999999778e-01
9.779999999999999805e-01
9.789999999999999813e-01
9.819999999999999840e-01
9.819999999999999840e-01
9.799999999999999822e-01
9.809999999999999831e-01
9.789999999999999813e-01
9.849999999999999867e-01
9.829999999999999849e-01
