gamma=1 
0 0.1032 0.1032 0.1032 0.1009 0.1135 0.1135 0.1135 0.1135 0.1009 0.1009 0.098 0.0982 0.1028 0.1028 0.1028 0.1028 0.1395 0.1045 0.102 0.117 0.1135 0.1135 0.1135 0.1135 0.1135 0.1135 0.1135 0.1135 0.1137 0.1307 0.165 0.1813 0.1969 0.207 0.206 0.2038 0.2063 0.2085 0.2125 0.2105 0.2156 0.2251 0.2318 0.2404 0.2449 0.2536 0.2608 0.2742 0.3118 0.3276 0.3149 0.317 0.3408 0.3645 0.3589 0.3313 0.3361 0.3392 0.3505 0.3656 0.3767 0.3806 0.3796 0.3787 0.4135 0.4421 0.4565 0.4725 0.4814 0.4895 0.5037 0.5285 0.5497 0.5582 0.5733 0.5842 0.5999 0.6151 0.6306 0.6217 0.6223 0.6294 0.6362 0.647 0.6517 0.6683 0.6782 0.6801 0.6923 0.7064 0.707 0.713 0.7231 0.7226 0.7405 0.7651 0.7684 0.7502 0.733 0.7455 0.7696 0.7924 0.8043 0.8094 0.8209 0.8287 0.8423 0.8472 0.8506 0.8543 0.8588 0.862 0.8684 0.8714 0.8727 0.8804 0.8836 0.8824 0.8853 0.8919 0.8976 0.8993 0.8923 0.895 0.9029 0.9104 0.9111 0.9092 0.9058 0.9084 0.9146 0.9102 0.905 0.9169 0.9247 0.912 0.9056 0.9105 0.9248 0.9229 0.9192 0.921 0.9248 0.9319 0.934 0.9205 0.9193 0.9347 0.9344 0.9258 0.9263 0.9341 0.9384 0.9356 0.9308 0.9331 0.9411 0.9437 0.9442 0.9444 0.9426 0.9469 0.9492 0.9478 0.9459 0.9456 0.9444 0.9438 0.9444 0.9473 0.9476 0.9466 0.9445 0.9486 0.9517 0.9549 0.9517 0.9484 0.9499 0.9538 0.9508 0.9462 0.9447 0.9445 0.9489 0.9514 0.9571 0.9594 0.9596 0.9605 0.9591 0.9595 0.9597 0.9581 0.9533 0.9553 0.9614 0.9655 0.9632 0.9603 0.9584 0.9572 0.9582 0.9605 0.9632 0.9578 0.9508 0.9433 0.9526 0.96 0.9637 0.9619 0.9569 0.9565 0.9621 0.9659 0.9617 0.9566 0.9509 0.9504 0.9552 0.9617 0.966 0.9653 0.9614 0.9599 0.963 0.9664 0.9689 0.9688 0.9673 0.9659 0.9673 0.9691 0.9708 

gamma=0.1 
0 0.0974 0.101 0.1028 0.1028 0.1028 0.1135 0.0958 0.0974 0.1032 0.1032 0.1032 0.1032 0.1032 0.1032 0.1032 0.1032 0.2032 0.205 0.1993 0.1503 0.119 0.1135 0.1135 0.1144 0.1351 0.1697 0.1802 0.1809 0.182 0.1869 0.1952 0.1998 0.2015 0.2016 0.2102 0.2113 0.2203 0.228 0.234 0.2366 0.239 0.2526 0.2477 0.2458 0.2599 0.277 0.2899 0.263 0.2655 0.2928 0.3212 0.3316 0.3346 0.3433 0.3351 0.3344 0.3233 0.3135 0.3159 0.3199 0.3359 0.3622 0.392 0.4082 0.4225 0.4237 0.4343 0.4422 0.4571 0.4494 0.4279 0.401 0.4063 0.4094 0.4605 0.5098 0.5514 0.5689 0.5671 0.5672 0.5715 0.5876 0.6078 0.6256 0.6242 0.604 0.6225 0.6547 0.6814 0.6939 0.7044 0.7124 0.7267 0.7393 0.7436 0.7412 0.7351 0.7505 0.771 0.7768 0.7859 0.7931 0.7926 0.7948 0.8067 0.8111 0.8147 0.8171 0.8198 0.8154 0.8222 0.8309 0.8477 0.847 0.8465 0.8585 0.8606 0.8633 0.869 0.8737 0.8779 0.8738 0.8702 0.8805 0.8883 0.8761 0.8551 0.8598 0.886 0.8925 0.8872 0.8728 0.8752 0.888 0.8962 0.9024 0.905 0.9052 0.9071 0.9108 0.9183 0.9182 0.9128 0.9156 0.9164 0.923 0.9255 0.921 0.9161 0.9209 0.9262 0.927 0.9225 0.9252 0.9293 0.9319 0.9326 0.9302 0.9319 0.9352 0.938 0.9395 0.9354 0.9328 0.9327 0.9372 0.9408 0.9409 0.9428 0.944 0.9428 0.9423 0.9419 0.9431 0.9436 0.9455 0.9414 0.9378 0.9392 0.942 0.9463 0.9515 0.9532 0.9535 0.9552 0.9572 0.9589 0.9589 0.956 0.952 0.9499 0.9494 0.9508 0.9516 0.9503 0.9542 0.9589 0.9595 0.9565 0.9547 0.9596 0.9619 0.9603 0.9567 0.9527 0.9517 0.9551 0.9584 0.9593 0.9533 0.9499 0.9545 0.9592 0.9591 0.9563 0.9536 0.9522 0.9574 0.9645 0.9642 0.9576 0.9522 0.9529 0.9585 0.9639 0.9646 0.9622 0.958 0.9592 0.9627 0.9643 0.9643 0.9635 0.962 0.9614 

gamma=0.3 
0 0.1135 0.0958 0.0974 0.0974 0.1028 0.1028 0.101 0.1009 0.1009 0.1099 0.1135 0.1135 0.1415 0.1115 0.1135 0.1135 0.1135 0.1135 0.1135 0.1135 0.1594 0.167 0.1271 0.1135 0.1135 0.1135 0.1136 0.1159 0.1403 0.1711 0.1878 0.1915 0.1895 0.199 0.218 0.2188 0.2191 0.2097 0.2057 0.2083 0.2205 0.2261 0.229 0.2222 0.2306 0.2379 0.2438 0.2477 0.2437 0.2714 0.2767 0.2808 0.2797 0.2816 0.2837 0.2859 0.2883 0.2909 0.2938 0.2959 0.3028 0.3117 0.3098 0.3149 0.3205 0.3348 0.3718 0.3755 0.3904 0.3833 0.3949 0.4108 0.4136 0.4208 0.4145 0.4217 0.4356 0.4572 0.4804 0.5055 0.5165 0.5359 0.5492 0.5626 0.5569 0.5584 0.5636 0.5558 0.5544 0.5681 0.6004 0.6316 0.6269 0.6136 0.6221 0.6402 0.6477 0.6549 0.6782 0.691 0.7029 0.7101 0.7143 0.7184 0.7259 0.7337 0.7403 0.7536 0.7563 0.7515 0.7589 0.7699 0.7648 0.7624 0.7727 0.7899 0.804 0.7943 0.8033 0.8106 0.8209 0.8283 0.8311 0.8333 0.8244 0.8274 0.8431 0.854 0.8545 0.853 0.8606 0.8662 0.8695 0.8638 0.8597 0.8668 0.8896 0.8886 0.8681 0.874 0.8978 0.9031 0.8863 0.8914 0.9054 0.9052 0.9076 0.9154 0.9192 0.9179 0.9135 0.9122 0.9157 0.9179 0.9132 0.9139 0.9268 0.9218 0.9137 0.921 0.9289 0.926 0.9263 0.9255 0.9265 0.9159 0.9175 0.9276 0.9305 0.9257 0.9267 0.9354 0.9433 0.9439 0.9348 0.9316 0.9385 0.9426 0.9451 0.9425 0.9394 0.9368 0.9402 0.9457 0.9506 0.9518 0.9521 0.9507 0.9509 0.9515 0.9532 0.9528 0.9499 0.9498 0.9501 0.9513 0.9493 0.9511 0.9525 0.9539 0.9554 0.9554 0.9558 0.9578 0.958 0.9564 0.9533 0.9542 0.9558 0.9582 0.9548 0.9525 0.9537 0.9574 0.9626 0.9588 0.9536 0.954 0.9558 0.9581 0.9597 0.9563 0.9544 0.9557 0.9558 0.9584 0.9628 0.9655 0.9635 0.9606 0.9585 0.9633 0.9672 0.9669 0.9618 

gamma=0.5 
0 0.101 0.1135 0.1135 0.1135 0.1032 0.1032 0.0958 0.0958 0.0958 0.0958 0.101 0.101 0.101 0.1029 0.1028 0.1135 0.1135 0.1135 0.1135 0.1135 0.1031 0.1032 0.1032 0.1033 0.1033 0.1034 0.1038 0.1069 0.1659 0.159 0.1554 0.1467 0.1464 0.1515 0.1805 0.1808 0.1865 0.213 0.2054 0.2048 0.21 0.2139 0.2159 0.215 0.2202 0.2598 0.2438 0.259 0.2663 0.2687 0.2683 0.2315 0.2374 0.3116 0.4066 0.3807 0.3816 0.3587 0.3622 0.374 0.4243 0.5236 0.5911 0.5953 0.5933 0.6104 0.6008 0.58 0.5925 0.6077 0.6333 0.6713 0.7166 0.7373 0.7461 0.7472 0.7508 0.757 0.7611 0.768 0.7795 0.7951 0.8131 0.8302 0.8455 0.8547 0.8653 0.8717 0.8648 0.8573 0.8552 0.8683 0.882 0.8906 0.8979 0.9033 0.909 0.914 0.9133 0.9186 0.9216 0.9197 0.9201 0.9257 0.9328 0.9318 0.9265 0.9317 0.9389 0.9437 0.9429 0.9414 0.9404 0.9429 0.9476 0.9494 0.9496 0.9519 0.9521 0.9524 0.9504 0.9494 0.9534 0.9557 0.9571 0.9589 0.9604 0.9603 0.961 0.9604 0.96 0.9597 0.9599 0.9611 0.9615 0.9633 0.9614 0.9592 0.9592 0.961 0.9607 0.9617 0.9642 0.9644 0.9646 0.9648 0.9657 0.9663 0.966 0.9674 0.9675 0.9665 0.9641 0.9654 0.9685 0.9686 0.9655 0.9589 0.9593 0.9638 0.9679 0.9712 0.9709 0.9664 0.9672 0.9724 0.9715 0.9681 0.9642 0.9641 0.9677 0.9692 0.9673 0.9597 0.9566 0.9603 0.9706 0.972 0.9644 0.9576 0.9566 0.9661 0.9715 0.9725 0.968 0.9669 0.9693 0.9731 0.9753 0.9752 0.9735 0.9693 0.9641 0.965 0.9696 0.9738 0.976 0.9781 0.9765 0.9751 0.9758 0.9767 0.9765 0.9774 0.9779 0.9765 0.9769 0.9775 0.9777 0.9778 0.9788 0.9777 0.9771 0.978 0.9778 0.9787 0.9799 0.9802 0.9805 0.9809 0.9791 0.9792 0.9789 0.9792 0.9798 0.9796 0.9795 0.9774 0.9768 0.9772 0.978 0.9781 0.978 0.9775 0.9787 

gamma=0.7 
0 0.0958 0.1032 0.1135 0.1135 0.0982 0.0982 0.0982 0.0982 0.0982 0.0974 0.0974 0.0974 0.1135 0.1135 0.1135 0.1135 0.1135 0.1135 0.1135 0.1135 0.1545 0.1838 0.1853 0.2435 0.2197 0.208 0.2356 0.2486 0.2419 0.2514 0.2589 0.2685 0.2931 0.3214 0.3682 0.4182 0.4347 0.4539 0.4497 0.3891 0.4023 0.4191 0.4919 0.5193 0.4932 0.4944 0.5238 0.5521 0.5853 0.6332 0.6612 0.6663 0.6835 0.7 0.7009 0.672 0.6562 0.6666 0.6936 0.7174 0.7312 0.7494 0.7669 0.7669 0.7748 0.7876 0.7855 0.7852 0.7854 0.795 0.8013 0.8082 0.8139 0.8122 0.8166 0.827 0.8483 0.8405 0.8186 0.8193 0.8625 0.8593 0.8448 0.8391 0.8423 0.8586 0.8742 0.8834 0.8956 0.9004 0.9027 0.9014 0.8945 0.8925 0.8926 0.8995 0.9069 0.9136 0.9143 0.92 0.9189 0.9199 0.9235 0.9271 0.9292 0.9313 0.9328 0.9351 0.9363 0.9404 0.9422 0.9404 0.938 0.9361 0.9407 0.9447 0.9458 0.9438 0.943 0.9456 0.9486 0.9476 0.9466 0.9469 0.947 0.9458 0.947 0.9481 0.9514 0.9509 0.9482 0.9458 0.9476 0.9525 0.9563 0.9569 0.9569 0.956 0.9553 0.9548 0.958 0.9583 0.9578 0.958 0.9584 0.9581 0.9578 0.9595 0.9602 0.9613 0.9616 0.9612 0.9606 0.9601 0.9602 0.9589 0.9572 0.9595 0.9628 0.9644 0.9648 0.9651 0.9645 0.9645 0.965 0.9646 0.9615 0.9604 0.9622 0.9651 0.9657 0.9625 0.9641 0.9674 0.968 0.9661 0.966 0.9677 0.9691 0.9688 0.9683 0.9677 0.9657 0.9637 0.9646 0.9656 0.9663 0.9679 0.9705 0.9714 0.9705 0.9688 0.9664 0.9653 0.9664 0.9705 0.9701 0.9677 0.9637 0.9639 0.9617 0.9624 0.9692 0.9745 0.9743 0.9667 0.9688 0.9717 0.9744 0.9746 0.9715 0.9709 0.9739 0.9749 0.9751 0.9747 0.9753 0.9754 0.9759 0.9763 0.9763 0.9751 0.9734 0.9735 0.9733 0.9745 0.9758 0.9768 0.9777 0.9772 0.977 0.9758 0.9737 0.9727 0.9743 

gamma=0.9 
0 0.1135 0.1135 0.1135 0.1135 0.1135 0.1617 0.1028 0.076 0.0958 0.0958 0.0911 0.0974 0.0974 0.0974 0.1342 0.1268 0.1126 0.0904 0.1065 0.1722 0.195 0.1959 0.1953 0.2643 0.2754 0.2695 0.2698 0.2884 0.3364 0.3894 0.4355 0.4738 0.4694 0.4512 0.4563 0.4652 0.4962 0.5295 0.536 0.5382 0.5456 0.5753 0.611 0.6462 0.6575 0.67 0.6752 0.6896 0.7059 0.7245 0.7351 0.748 0.7614 0.7714 0.7793 0.7876 0.793 0.7979 0.8091 0.8203 0.8287 0.835 0.8417 0.8477 0.8565 0.8692 0.8764 0.8821 0.8889 0.8943 0.9012 0.9033 0.9059 0.9085 0.9149 0.9168 0.9185 0.9221 0.9211 0.9222 0.9242 0.927 0.9291 0.9309 0.9306 0.9329 0.9342 0.9379 0.9396 0.9408 0.9407 0.9417 0.9426 0.9424 0.942 0.9412 0.9409 0.9432 0.9477 0.9497 0.9501 0.9504 0.9481 0.9465 0.9488 0.9516 0.9539 0.9546 0.9552 0.9549 0.9558 0.9565 0.9577 0.9567 0.9553 0.9601 0.9609 0.9604 0.9552 0.9526 0.9567 0.9608 0.9626 0.9615 0.9596 0.9612 0.9626 0.9632 0.9631 0.9647 0.9646 0.9637 0.9624 0.9609 0.9623 0.9648 0.9661 0.966 0.9636 0.9625 0.9655 0.9655 0.9634 0.9579 0.9557 0.956 0.9658 0.9693 0.9686 0.9643 0.9593 0.9617 0.9651 0.9675 0.9709 0.9723 0.9705 0.9665 0.9645 0.9648 0.9666 0.968 0.9692 0.9694 0.9696 0.9701 0.9708 0.9722 0.9708 0.9711 0.9697 0.9698 0.9716 0.9745 0.974 0.9732 0.9726 0.9728 0.9731 0.9753 0.9759 0.974 0.9719 0.9714 0.9731 0.9726 0.974 0.9749 0.9748 0.9746 0.9727 0.9706 0.9702 0.9709 0.9727 0.9737 0.9753 0.9754 0.9746 0.9757 0.9767 0.9771 0.9766 0.9764 0.9745 0.9754 0.977 0.9774 0.9772 0.976 0.9751 0.9743 0.9754 0.9774 0.9788 0.9788 0.9784 0.9752 0.9744 0.9744 0.9724 0.9751 0.9761 0.9761 0.9781 0.9779 0.9769 0.9733 0.9727 0.9727 0.9768 0.9791 0.9781 0.9756 0.9739 
