b_noise=0
0 0.1135 0.1135 0.1032 0.0892 0.0974 0.0974 0.1028 0.1028 0.1028 0.098 0.098 0.1135 0.1135 0.1135 0.1135 0.1135 0.1135 0.1135 0.1135 0.1135 0.1135 0.1146 0.1285 0.1601 0.101 0.101 0.101 0.1102 0.1102 0.1151 0.118 0.1823 0.1425 0.1756 0.183 0.1683 0.1737 0.1806 0.1844 0.1857 0.1884 0.1955 0.2248 0.2496 0.2479 0.2798 0.3055 0.2841 0.3119 0.3498 0.3809 0.4053 0.4343 0.4976 0.5363 0.5326 0.5484 0.5524 0.563 0.5662 0.5767 0.5974 0.6845 0.6998 0.7059 0.716 0.73 0.7427 0.7505 0.7549 0.7602 0.7705 0.7794 0.7889 0.7932 0.798 0.797 0.803 0.8071 0.8065 0.815 0.8349 0.8617 0.8731 0.8755 0.8798 0.8848 0.8921 0.8994 0.9021 0.9037 0.9013 0.9017 0.906 0.9103 0.917 0.9189 0.9223 0.927 0.9294 0.9298 0.9325 0.9345 0.9381 0.9416 0.9451 0.9447 0.9436 0.9417 0.9407 0.9413 0.9431 0.9435 0.9479 0.9511 0.9517 0.9505 0.9498 0.9517 0.9519 0.9495 0.9452 0.9463 0.9517 0.9573 0.9562 0.9524 0.9517 0.9552 0.958 0.9572 0.9535 0.9505 0.9502 0.9531 0.9596 0.9635 0.9601 0.9566 0.956 0.9583 0.9627 0.9649 0.9643 0.9632 0.9637 0.9661 0.9667 0.9681 0.9667 0.9652 0.9635 0.9651 0.9681 0.9692 0.9693 0.9691 0.9687 0.9692 0.9696 0.9704 0.9722 0.9731 0.9722 0.9726 0.9728 0.9715 0.972 0.9732 0.9743 0.9745 0.9747 0.9744 0.9741 0.9745 0.9738 0.9751 0.9763 0.9762 0.9767 0.9766 0.9773 0.9768 0.9758 0.9749 0.9754 0.9762 0.9763 0.9763 0.9757 0.9757 0.9764 0.9773 0.9777 0.9788 0.9785 0.9789 0.979 0.9779 0.9788 0.9772 0.9778 0.9769 0.975 0.9754 0.9755 0.9764 0.9781 0.9773 0.9776 0.9772 0.9773 0.9767 0.9779 0.9767 0.9753 0.9749 0.9761 0.9793 0.9807 0.9783 0.9755 0.9751 0.9762 0.9768 0.9775 0.9773 0.9773 0.977 0.9774 0.9781 0.9796 0.9808 0.9802 0.9802 

b_noise=1
0 0.0974 0.101 0.101 0.101 0.101 0.1135 0.1135 0.1032 0.1032 0.1032 0.1032 0.1032 0.1032 0.1032 0.1032 0.1032 0.1172 0.1135 0.1135 0.1135 0.1135 0.1135 0.1135 0.1135 0.1166 0.1427 0.1721 0.1871 0.1928 0.195 0.1951 0.1965 0.2035 0.206 0.2092 0.2129 0.2121 0.2299 0.2387 0.2482 0.2753 0.2725 0.2714 0.2773 0.284 0.3006 0.307 0.3114 0.3144 0.3214 0.3307 0.3372 0.3423 0.342 0.3477 0.3602 0.3718 0.3773 0.4019 0.4083 0.3616 0.3443 0.3412 0.3477 0.3583 0.3759 0.3924 0.4152 0.4446 0.4618 0.4645 0.4502 0.4586 0.473 0.4965 0.5274 0.5564 0.5628 0.5498 0.5265 0.5175 0.5237 0.5498 0.5887 0.6084 0.6073 0.613 0.6283 0.6281 0.6255 0.6332 0.6523 0.6636 0.6652 0.6738 0.7049 0.7199 0.7209 0.7225 0.7364 0.7463 0.7542 0.7547 0.7616 0.774 0.7722 0.7806 0.7861 0.7895 0.7881 0.7957 0.8014 0.8011 0.806 0.8116 0.823 0.8217 0.813 0.8258 0.8461 0.8488 0.8513 0.8573 0.8626 0.8647 0.8622 0.8584 0.8625 0.8651 0.876 0.8821 0.8841 0.8821 0.8904 0.894 0.8961 0.9018 0.9022 0.9013 0.8947 0.8998 0.9093 0.9139 0.9167 0.9194 0.9206 0.9223 0.9236 0.9255 0.9262 0.9264 0.9272 0.9278 0.9275 0.9304 0.9334 0.9309 0.9306 0.931 0.9361 0.9376 0.9378 0.9358 0.9346 0.9347 0.9381 0.9369 0.9343 0.9353 0.9375 0.9362 0.9356 0.935 0.9366 0.9316 0.9309 0.9344 0.9406 0.9436 0.9408 0.9358 0.9355 0.9436 0.9501 0.949 0.9443 0.9413 0.9492 0.9495 0.9465 0.9393 0.9368 0.9425 0.9468 0.9539 0.9501 0.9461 0.9468 0.9499 0.9549 0.9596 0.96 0.957 0.9543 0.9567 0.9595 0.9559 0.9568 0.9602 0.9592 0.9584 0.959 0.9592 0.9607 0.9624 0.9631 0.9622 0.9606 0.9606 0.961 0.9611 0.9623 0.9604 0.9572 0.9536 0.9555 0.9609 0.9663 0.9666 0.9622 0.9622 0.9669 0.9686 0.9655 0.9609 

b_noise=1.5
0 0.1135 0.1135 0.1028 0.1028 0.1028 0.1028 0.101 0.101 0.101 0.101 0.101 0.1136 0.1135 0.1135 0.1135 0.1135 0.1135 0.101 0.1113 0.0985 0.1099 0.1383 0.1652 0.1454 0.1368 0.1375 0.2198 0.2297 0.23 0.2201 0.2141 0.2131 0.2287 0.2157 0.2371 0.2349 0.2278 0.2262 0.241 0.2608 0.2786 0.2844 0.3417 0.4066 0.4254 0.4519 0.4415 0.4443 0.4501 0.4911 0.5419 0.5892 0.6158 0.6402 0.6497 0.6634 0.6626 0.6739 0.6912 0.7087 0.7262 0.7409 0.7508 0.7597 0.7662 0.7741 0.7934 0.8119 0.8239 0.8312 0.839 0.8456 0.8541 0.8586 0.8584 0.8588 0.8628 0.874 0.8833 0.8912 0.8894 0.8865 0.8928 0.9002 0.9038 0.9122 0.9172 0.9151 0.9161 0.9176 0.921 0.9271 0.9308 0.9326 0.9366 0.9382 0.9361 0.9348 0.9373 0.9395 0.9411 0.9413 0.9404 0.9437 0.9451 0.9441 0.9455 0.9468 0.949 0.9503 0.9483 0.9471 0.9458 0.9469 0.9494 0.9545 0.9565 0.955 0.9533 0.9506 0.9473 0.9477 0.952 0.9527 0.952 0.9535 0.9547 0.958 0.9603 0.9591 0.9561 0.9546 0.9569 0.9597 0.9607 0.9619 0.9632 0.9645 0.965 0.965 0.9653 0.9665 0.9673 0.9683 0.9664 0.968 0.9674 0.9671 0.9667 0.9667 0.9658 0.9663 0.9673 0.968 0.9683 0.9672 0.966 0.9654 0.967 0.9685 0.9692 0.9673 0.9658 0.9653 0.966 0.9664 0.9673 0.9691 0.9695 0.9699 0.9685 0.9673 0.9666 0.9706 0.9731 0.9723 0.9715 0.9698 0.9694 0.9664 0.9667 0.9707 0.9709 0.9699 0.9699 0.9693 0.9692 0.9688 0.971 0.9719 0.9715 0.971 0.9714 0.9715 0.9722 0.9729 0.9742 0.9748 0.9744 0.9741 0.9751 0.9765 0.9762 0.9758 0.9766 0.9769 0.9768 0.9756 0.9759 0.9764 0.9764 0.9773 0.9783 0.9788 0.9781 0.9781 0.9779 0.9773 0.9779 0.9759 0.9758 0.9768 0.9768 0.9788 0.9786 0.9783 0.9772 0.9765 0.9757 0.9759 0.9766 0.9764 0.9766 0.9764 0.9779 

b_noise=2(1)
0 0.098 0.1032 0.0892 0.101 0.1028 0.1028 0.1028 0.0982 0.0982 0.1135 0.1135 0.1135 0.1135 0.1135 0.1032 0.1032 0.101 0.101 0.101 0.101 0.101 0.101 0.101 0.0892 0.1135 0.1135 0.1135 0.1135 0.1135 0.1009 0.1032 0.1032 0.1032 0.1032 0.1032 0.1032 0.1032 0.1032 0.1135 0.1135 0.1135 0.1135 0.1135 0.1135 0.1135 0.1135 0.1135 0.1135 0.1135 0.1135 0.1135 0.1135 0.1135 0.101 0.101 0.101 0.101 0.101 0.101 0.0958 0.0958 0.0958 0.1032 0.1032 0.1032 0.1032 0.1032 0.098 0.098 0.098 0.098 0.098 0.101 0.101 0.101 0.101 0.101 0.101 0.101 0.101 0.1135 0.1135 0.1135 0.1135 0.1135 0.1135 0.1135 0.1135 0.1135 0.1135 0.1028 0.1028 0.1028 0.1028 0.1028 0.1028 0.1028 0.1028 0.1028 0.1927 0.1138 0.1657 0.1992 0.2059 0.2022 0.2063 0.2042 0.2002 0.1857 0.1135 0.1135 0.1135 0.1135 0.1135 0.1135 0.1135 0.1135 0.1135 0.1135 0.1135 0.1135 0.1135 0.1135 0.163 0.2128 0.2083 0.2055 0.207 0.2105 0.2149 0.2059 0.2243 0.2093 0.2098 0.2133 0.2108 0.2098 0.2025 0.2087 0.207 0.2018 0.2058 0.2087 0.2261 0.2132 0.2199 0.2324 0.2858 0.202 0.2745 0.2562 0.2275 0.2217 0.2082 0.2038 0.26 0.2572 0.2728 0.3205 0.3703 0.3737 0.3764 0.3722 0.3683 0.3736 0.3952 0.3203 0.3228 0.3542 0.411 0.405 0.4282 0.3802 0.3887 0.3856 0.3937 0.4234 0.428 0.4041 0.392 0.3837 0.4001 0.3815 0.3875 0.4192 0.4259 0.4359 0.4377 0.4518 0.412 0.4154 0.4303 0.4537 0.4936 0.4577 0.4447 0.445 0.4385 0.4371 0.4445 0.4716 0.4181 0.422 0.4557 0.4498 0.4393 0.4508 0.4654 0.4496 0.4528 0.4714 0.4728 0.4692 0.5011 0.4445 0.4384 0.4436 0.4463 0.4479 0.4651 0.4619 0.4609 0.4673 0.4593 0.4545 0.4522 0.484 0.4695 0.4685 0.4735 0.4818 0.4906 0.5125 0.4926 0.4901 

b_noise=2(2)
0 0.101 0.1028 0.0958 0.1009 0.1009 0.1135 0.0974 0.0974 0.0974 0.0974 0.098 0.101 0.101 0.101 0.101 0.101 0.101 0.101 0.1135 0.1135 0.1135 0.1135 0.1135 0.1135 0.1135 0.1135 0.1135 0.1135 0.1135 0.1135 0.1135 0.1135 0.1135 0.1135 0.1135 0.1135 0.1009 0.1048 0.1365 0.0982 0.0982 0.0982 0.1054 0.1034 0.1031 0.1032 0.1032 0.1031 0.1029 0.1135 0.1135 0.1135 0.1135 0.1135 0.1135 0.1135 0.1135 0.1135 0.1135 0.1162 0.1028 0.1028 0.1038 0.1218 0.1223 0.1182 0.1258 0.1431 0.1342 0.1748 0.1364 0.1469 0.1476 0.1543 0.1657 0.1756 0.2624 0.2034 0.2007 0.2049 0.2208 0.2263 0.2749 0.2903 0.2968 0.3315 0.3831 0.4191 0.4232 0.4554 0.489 0.4923 0.5209 0.5441 0.5791 0.6337 0.6823 0.7193 0.7365 0.7278 0.7282 0.7801 0.808 0.8153 0.8214 0.8309 0.843 0.8571 0.8568 0.8663 0.8762 0.8835 0.8886 0.899 0.9075 0.9098 0.9173 0.925 0.9281 0.9302 0.9306 0.9353 0.9367 0.9378 0.9355 0.9376 0.9429 0.9419 0.9349 0.9362 0.9359 0.9406 0.942 0.9447 0.944 0.9443 0.947 0.9508 0.9524 0.9508 0.9502 0.9491 0.9511 0.9581 0.9599 0.9586 0.9553 0.9541 0.9593 0.9616 0.9602 0.9582 0.9593 0.9613 0.957 0.9611 0.9649 0.965 0.9625 0.9605 0.9599 0.962 0.9606 0.9587 0.9577 0.9613 0.966 0.97 0.9702 0.9669 0.9661 0.9713 0.9693 0.9673 0.9683 0.9693 0.9709 0.9708 0.9725 0.9734 0.973 0.9674 0.9579 0.9488 0.958 0.9677 0.9721 0.9707 0.9695 0.9704 0.9692 0.9696 0.9684 0.9691 0.9709 0.9732 0.9759 0.9755 0.974 0.9704 0.9688 0.9747 0.9753 0.97 0.9691 0.9672 0.9695 0.9712 0.9729 0.9736 0.9735 0.9767 0.9784 0.9758 0.9744 0.9748 0.9777 0.9779 0.9731 0.973 0.9748 0.9754 0.9732 0.9687 0.9715 0.9713 0.9719 0.972 0.9725 0.9726 0.9709 0.97 0.9697 0.9681 0.9719 

b_noise=2.5
0 0.1009 0.1032 0.0892 0.1032 0.0974 0.1028 0.1135 0.1135 0.1135 0.1135 0.098 0.098 0.098 0.098 0.098 0.0958 0.0958 0.1135 0.1135 0.1135 0.1135 0.1135 0.1135 0.1135 0.1135 0.1135 0.1018 0.1028 0.1028 0.0995 0.1009 0.101 0.101 0.1112 0.1135 0.1139 0.1319 0.167 0.181 0.2073 0.2159 0.2039 0.1774 0.1821 0.2108 0.2406 0.253 0.2427 0.2351 0.2275 0.2243 0.2297 0.2481 0.29 0.3422 0.3356 0.3961 0.4677 0.5222 0.5758 0.5912 0.6265 0.6475 0.6417 0.6578 0.6699 0.6632 0.6748 0.698 0.7169 0.734 0.7448 0.7538 0.7648 0.7775 0.7979 0.838 0.8446 0.8505 0.8559 0.8597 0.8683 0.8735 0.876 0.882 0.8913 0.8972 0.9001 0.9001 0.9054 0.9148 0.9184 0.922 0.9217 0.9236 0.9269 0.9319 0.9378 0.9351 0.9361 0.9394 0.9401 0.9417 0.9421 0.9431 0.9447 0.9459 0.9487 0.9524 0.9544 0.9511 0.9465 0.9479 0.9583 0.9556 0.9534 0.9507 0.952 0.9536 0.9559 0.9597 0.9635 0.9623 0.9608 0.9604 0.9618 0.9633 0.9655 0.964 0.9626 0.9637 0.9644 0.9626 0.9577 0.9559 0.9599 0.9613 0.9646 0.967 0.9658 0.965 0.965 0.9674 0.969 0.9683 0.967 0.9686 0.9695 0.9695 0.9705 0.9714 0.9707 0.9721 0.9718 0.9718 0.9725 0.971 0.9721 0.9725 0.9727 0.9718 0.9715 0.9715 0.9722 0.9742 0.9744 0.973 0.972 0.9733 0.9754 0.9767 0.9752 0.9743 0.9749 0.9739 0.9744 0.9741 0.9756 0.9737 0.9718 0.9701 0.9704 0.9708 0.9727 0.9739 0.9744 0.9756 0.9753 0.9757 0.9751 0.9738 0.9743 0.9761 0.9793 0.9812 0.98 0.9793 0.9789 0.9774 0.9767 0.9772 0.9777 0.9787 0.979 0.9774 0.976 0.9753 0.9763 0.9778 0.9797 0.98 0.9798 0.9792 0.98 0.9784 0.9771 0.977 0.9779 0.9792 0.9793 0.9783 0.9769 0.9786 0.9803 0.98 0.9809 0.9808 0.9806 0.9801 0.982 0.9822 0.9823 0.9805 0.9794 0.9787 